#===============
# Experiment : CMS
# Search : CMS_PAS_EXO_19_019
# ll~ : ee
# qq~ : bs~
# FF  : vector
# XY  : LR RL
# coef : 0 0
# type : R2*R2 R2~*R2~
# Nevs : 50000
#===============
#
# XSEC	BIN_MIN	BIN_MAX 	 Kij 
# 150.0 160.0 170.0 180.0 190.0 200.0 220.0 240.0 260.0 280.0 300.0 320.0 340.0 360.0 380.0 400.0 420.0 440.0 460.0 480.0 500.0 520.0 540.0 560.0 580.0 600.0 630.0 660.0 690.0 720.0 750.0 780.0 810.0 840.0 870.0 900.0 950.0 1000.0 1050.0 1100.0 1150.0 1200.0 1250.0 1310.0 1370.0 1430.0 1490.0 1550.0 1610.0 1680.0 1750.0 1820.0 1890.0 1970.0 2050.0 2130.0 2210.0 2290.0 2370.0 2450.0 2530.0 2610.0 2690.0 2770.0 2850.0 2930.0 3010.0 3090.0 3170.0 3250.0 3330.0 3410.0 3490.0 3570.0 3650.0 3730.0 3810.0 3890.0 3970.0 4070.0 4170.0 4270.0 4370.0 4470.0 4570.0 4670.0 4770.0 4870.0 4970.0 5070.0 5170.0 5270.0 5370.0 5470.0 5570.0 5670.0 5770.0 5870.0 5970.0 6070.0 
3.2586  200.0  300.0  0.00022	0.0005	0.00078	0.00118	0.00702	0.07458	0.07636	0.07488	0.06852	0.05798	0.00446	0.0	0.0	0.0	0.0	0.0	0.0	0.0	0.0	0.0	0.0	0.0	0.0	0.0	0.0	0.0	0.0	0.0	0.0	0.0	0.0	0.0	0.0	0.0	0.0	0.0	0.0	0.0	0.0	0.0	0.0	0.0	0.0	0.0	0.0	0.0	0.0	0.0	0.0	0.0	0.0	0.0	0.0	0.0	0.0	0.0	0.0	0.0	0.0	0.0	0.0	0.0	0.0	0.0	0.0	0.0	0.0	0.0	0.0	0.0	0.0	0.0	0.0	0.0	0.0	0.0	0.0	0.0	0.0	0.0	0.0	0.0	0.0	0.0	0.0	0.0	0.0	0.0	0.0	0.0	0.0	0.0	0.0	0.0	0.0	0.0	0.0	0.0	0.0	
2.1612  300.0  400.0  0.00012	0.00016	0.00026	0.00014	0.00026	0.0004	0.00092	0.00126	0.00174	0.01308	0.08652	0.08506	0.082	0.07368	0.05794	0.00488	0.0	0.0	0.0	0.0	0.0	0.0	0.0	0.0	0.0	0.0	0.0	0.0	0.0	0.0	0.0	0.0	0.0	0.0	0.0	0.0	0.0	0.0	0.0	0.0	0.0	0.0	0.0	0.0	0.0	0.0	0.0	0.0	0.0	0.0	0.0	0.0	0.0	0.0	0.0	0.0	0.0	0.0	0.0	0.0	0.0	0.0	0.0	0.0	0.0	0.0	0.0	0.0	0.0	0.0	0.0	0.0	0.0	0.0	0.0	0.0	0.0	0.0	0.0	0.0	0.0	0.0	0.0	0.0	0.0	0.0	0.0	0.0	0.0	0.0	0.0	0.0	0.0	0.0	0.0	0.0	0.0	0.0	0.0	
1.46282  400.0  500.0  0.0	4e-05	4e-05	6e-05	0.0001	0.0002	0.00032	0.0005	0.0004	0.00062	0.00082	0.00102	0.00172	0.00218	0.01542	0.08752	0.09016	0.08256	0.07584	0.05874	0.00654	6e-05	0.0	0.0	0.0	0.0	0.0	0.0	0.0	0.0	0.0	0.0	0.0	0.0	0.0	0.0	0.0	0.0	0.0	0.0	0.0	0.0	0.0	0.0	0.0	0.0	0.0	0.0	0.0	0.0	0.0	0.0	0.0	0.0	0.0	0.0	0.0	0.0	0.0	0.0	0.0	0.0	0.0	0.0	0.0	0.0	0.0	0.0	0.0	0.0	0.0	0.0	0.0	0.0	0.0	0.0	0.0	0.0	0.0	0.0	0.0	0.0	0.0	0.0	0.0	0.0	0.0	0.0	0.0	0.0	0.0	0.0	0.0	0.0	0.0	0.0	0.0	0.0	0.0	
0.97296  500.0  600.0  4e-05	4e-05	6e-05	2e-05	4e-05	0.00018	0.0002	0.00022	0.0003	0.00034	0.00038	0.0003	0.00036	0.00046	0.00084	0.0007	0.00124	0.00164	0.00236	0.01804	0.0896	0.09224	0.0845	0.0777	0.05966	0.00752	0.0	0.0	0.0	0.0	0.0	0.0	0.0	0.0	0.0	0.0	0.0	0.0	0.0	0.0	0.0	0.0	0.0	0.0	0.0	0.0	0.0	0.0	0.0	0.0	0.0	0.0	0.0	0.0	0.0	0.0	0.0	0.0	0.0	0.0	0.0	0.0	0.0	0.0	0.0	0.0	0.0	0.0	0.0	0.0	0.0	0.0	0.0	0.0	0.0	0.0	0.0	0.0	0.0	0.0	0.0	0.0	0.0	0.0	0.0	0.0	0.0	0.0	0.0	0.0	0.0	0.0	0.0	0.0	0.0	0.0	0.0	0.0	0.0	
0.6451  600.0  700.0  4e-05	2e-05	4e-05	0.0	0.0	8e-05	6e-05	0.00014	6e-05	0.00024	0.0003	0.00032	0.00022	0.00032	0.00036	0.00038	0.00044	0.0007	0.0006	0.0007	0.0015	0.00158	0.00168	0.00296	0.0211	0.13826	0.12976	0.1126	0.03388	8e-05	0.0	0.0	0.0	0.0	0.0	0.0	0.0	0.0	0.0	0.0	0.0	0.0	0.0	0.0	0.0	0.0	0.0	0.0	0.0	0.0	0.0	0.0	0.0	0.0	0.0	0.0	0.0	0.0	0.0	0.0	0.0	0.0	0.0	0.0	0.0	0.0	0.0	0.0	0.0	0.0	0.0	0.0	0.0	0.0	0.0	0.0	0.0	0.0	0.0	0.0	0.0	0.0	0.0	0.0	0.0	0.0	0.0	0.0	0.0	0.0	0.0	0.0	0.0	0.0	0.0	0.0	0.0	0.0	0.0	
0.43032  700.0  800.0  4e-05	2e-05	0.0	4e-05	0.0	0.00012	6e-05	0.0	8e-05	8e-05	0.00024	0.00024	0.00016	0.00012	0.00032	0.00024	0.00034	0.00016	0.00032	0.00052	0.00038	0.00054	0.0005	0.00074	0.00092	0.00172	0.00246	0.00768	0.10574	0.1373	0.11892	0.06554	0.00144	0.0	0.0	0.0	0.0	0.0	0.0	0.0	0.0	0.0	0.0	0.0	0.0	0.0	0.0	0.0	0.0	0.0	0.0	0.0	0.0	0.0	0.0	0.0	0.0	0.0	0.0	0.0	0.0	0.0	0.0	0.0	0.0	0.0	0.0	0.0	0.0	0.0	0.0	0.0	0.0	0.0	0.0	0.0	0.0	0.0	0.0	0.0	0.0	0.0	0.0	0.0	0.0	0.0	0.0	0.0	0.0	0.0	0.0	0.0	0.0	0.0	0.0	0.0	0.0	0.0	0.0	
0.28676  800.0  900.0  0.0	0.0	4e-05	0.0	0.0	2e-05	0.0001	4e-05	8e-05	0.0002	0.0002	0.0001	0.0001	0.00018	0.00026	0.00012	0.00024	0.00014	0.00032	0.00024	0.00032	0.00044	0.00028	0.00038	0.00054	0.00096	0.00112	0.0009	0.00148	0.00226	0.00424	0.06332	0.14142	0.12494	0.09378	0.01078	0.0	0.0	0.0	0.0	0.0	0.0	0.0	0.0	0.0	0.0	0.0	0.0	0.0	0.0	0.0	0.0	0.0	0.0	0.0	0.0	0.0	0.0	0.0	0.0	0.0	0.0	0.0	0.0	0.0	0.0	0.0	0.0	0.0	0.0	0.0	0.0	0.0	0.0	0.0	0.0	0.0	0.0	0.0	0.0	0.0	0.0	0.0	0.0	0.0	0.0	0.0	0.0	0.0	0.0	0.0	0.0	0.0	0.0	0.0	0.0	0.0	0.0	0.0	
0.191078  900.0  1000.0  2e-05	2e-05	0.0	4e-05	0.0	6e-05	4e-05	0.0001	4e-05	0.00014	0.0001	8e-05	4e-05	8e-05	8e-05	0.00012	0.00018	0.00012	0.00024	0.00028	0.00018	0.00024	0.00018	0.00032	0.00044	0.00026	0.00048	0.00064	0.00086	0.00108	0.00134	0.00174	0.00228	0.00346	0.0292	0.22048	0.17252	0.0113	0.0	0.0	0.0	0.0	0.0	0.0	0.0	0.0	0.0	0.0	0.0	0.0	0.0	0.0	0.0	0.0	0.0	0.0	0.0	0.0	0.0	0.0	0.0	0.0	0.0	0.0	0.0	0.0	0.0	0.0	0.0	0.0	0.0	0.0	0.0	0.0	0.0	0.0	0.0	0.0	0.0	0.0	0.0	0.0	0.0	0.0	0.0	0.0	0.0	0.0	0.0	0.0	0.0	0.0	0.0	0.0	0.0	0.0	0.0	0.0	0.0	
0.21534  1000.0  1200.0  0.0	4e-05	2e-05	2e-05	4e-05	4e-05	4e-05	0.0	0.0	0.0	8e-05	6e-05	8e-05	0.00024	0.00016	0.00014	0.00014	0.0001	2e-05	0.00034	6e-05	0.0002	0.0001	0.00016	8e-05	0.00024	0.0002	0.00034	0.0005	0.0006	0.00048	0.00054	0.00096	0.0009	0.0012	0.00322	0.01898	0.12938	0.11706	0.09576	0.0689	0.00512	2e-05	0.0	0.0	0.0	0.0	0.0	0.0	0.0	0.0	0.0	0.0	0.0	0.0	0.0	0.0	0.0	0.0	0.0	0.0	0.0	0.0	0.0	0.0	0.0	0.0	0.0	0.0	0.0	0.0	0.0	0.0	0.0	0.0	0.0	0.0	0.0	0.0	0.0	0.0	0.0	0.0	0.0	0.0	0.0	0.0	0.0	0.0	0.0	0.0	0.0	0.0	0.0	0.0	0.0	0.0	0.0	0.0	
0.099066  1200.0  1400.0  0.0	0.0	0.0	2e-05	0.0	2e-05	6e-05	0.0	2e-05	4e-05	4e-05	2e-05	4e-05	4e-05	6e-05	6e-05	0.0001	4e-05	0.0001	0.0001	6e-05	8e-05	0.00016	2e-05	8e-05	0.00022	0.00016	0.00022	0.00026	0.00036	0.00026	0.00036	0.00042	0.0003	0.00046	0.0008	0.00094	0.00158	0.00168	0.00272	0.02234	0.1288	0.13594	0.10528	0.04096	0.00014	0.0	0.0	0.0	0.0	0.0	0.0	0.0	0.0	0.0	0.0	0.0	0.0	0.0	0.0	0.0	0.0	0.0	0.0	0.0	0.0	0.0	0.0	0.0	0.0	0.0	0.0	0.0	0.0	0.0	0.0	0.0	0.0	0.0	0.0	0.0	0.0	0.0	0.0	0.0	0.0	0.0	0.0	0.0	0.0	0.0	0.0	0.0	0.0	0.0	0.0	0.0	0.0	0.0	
0.046732  1400.0  1600.0  0.0	0.0	0.0	0.0	0.0	0.0	0.0	4e-05	2e-05	2e-05	0.0	2e-05	4e-05	6e-05	8e-05	8e-05	0.0001	8e-05	6e-05	6e-05	6e-05	6e-05	0.0001	8e-05	6e-05	0.00018	0.00022	8e-05	6e-05	0.0001	6e-05	0.00014	0.00028	0.00018	0.0003	0.00054	0.00046	0.00064	0.00076	0.00096	0.00122	0.0012	0.0028	0.00508	0.09196	0.14612	0.11664	0.07052	0.00298	0.0	0.0	0.0	0.0	0.0	0.0	0.0	0.0	0.0	0.0	0.0	0.0	0.0	0.0	0.0	0.0	0.0	0.0	0.0	0.0	0.0	0.0	0.0	0.0	0.0	0.0	0.0	0.0	0.0	0.0	0.0	0.0	0.0	0.0	0.0	0.0	0.0	0.0	0.0	0.0	0.0	0.0	0.0	0.0	0.0	0.0	0.0	0.0	0.0	0.0	
0.02249  1600.0  1800.0  0.0	0.0	0.0	2e-05	2e-05	2e-05	0.0	6e-05	0.0	2e-05	4e-05	4e-05	2e-05	4e-05	0.0	2e-05	6e-05	2e-05	8e-05	2e-05	4e-05	4e-05	8e-05	0.0	4e-05	0.00016	0.00012	0.00016	0.00012	6e-05	6e-05	0.00014	0.00024	0.00012	8e-05	0.0002	0.00038	0.0003	0.0003	0.00054	0.00058	0.0006	0.00082	0.00142	0.00182	0.00232	0.0036	0.04586	0.1741	0.13588	0.07372	0.00088	0.0	0.0	0.0	0.0	0.0	0.0	0.0	0.0	0.0	0.0	0.0	0.0	0.0	0.0	0.0	0.0	0.0	0.0	0.0	0.0	0.0	0.0	0.0	0.0	0.0	0.0	0.0	0.0	0.0	0.0	0.0	0.0	0.0	0.0	0.0	0.0	0.0	0.0	0.0	0.0	0.0	0.0	0.0	0.0	0.0	0.0	0.0	
0.011089  1800.0  2000.0  0.0	0.0	0.0	0.0	0.0	4e-05	0.0	2e-05	0.0	2e-05	0.0	0.0	0.0	4e-05	4e-05	2e-05	4e-05	6e-05	2e-05	8e-05	4e-05	8e-05	4e-05	8e-05	8e-05	4e-05	0.00016	0.0001	0.0001	0.00016	4e-05	8e-05	0.0001	0.00016	0.00018	0.00026	0.0003	0.00026	0.00024	0.00024	0.00034	0.00042	0.00054	0.0008	0.00082	0.00084	0.00106	0.00162	0.00198	0.00416	0.07084	0.1653	0.14688	0.04356	2e-05	0.0	0.0	0.0	0.0	0.0	0.0	0.0	0.0	0.0	0.0	0.0	0.0	0.0	0.0	0.0	0.0	0.0	0.0	0.0	0.0	0.0	0.0	0.0	0.0	0.0	0.0	0.0	0.0	0.0	0.0	0.0	0.0	0.0	0.0	0.0	0.0	0.0	0.0	0.0	0.0	0.0	0.0	0.0	0.0	
0.006443  2000.0  2250.0  0.0	0.0	0.0	4e-05	2e-05	0.0	2e-05	2e-05	0.0	0.0	2e-05	2e-05	2e-05	2e-05	4e-05	4e-05	0.0	0.0	2e-05	2e-05	2e-05	2e-05	4e-05	2e-05	0.0	6e-05	6e-05	2e-05	8e-05	0.0001	4e-05	8e-05	0.0001	0.00014	0.00014	0.00018	0.00014	0.00026	0.00012	0.00026	0.00016	0.00022	0.0005	0.0004	0.0005	0.00048	0.00094	0.00076	0.00088	0.00136	0.00152	0.0024	0.0075	0.12366	0.14792	0.11202	0.0427	0.00036	0.0	0.0	0.0	0.0	0.0	0.0	0.0	0.0	0.0	0.0	0.0	0.0	0.0	0.0	0.0	0.0	0.0	0.0	0.0	0.0	0.0	0.0	0.0	0.0	0.0	0.0	0.0	0.0	0.0	0.0	0.0	0.0	0.0	0.0	0.0	0.0	0.0	0.0	0.0	0.0	0.0	
0.002824  2250.0  2500.0  0.0	2e-05	0.0	0.0	0.0	0.0	0.0	0.0	0.0	0.0	2e-05	0.0	0.0	2e-05	2e-05	0.0	2e-05	0.0	4e-05	0.0	4e-05	6e-05	4e-05	2e-05	2e-05	8e-05	6e-05	4e-05	2e-05	6e-05	4e-05	0.0	4e-05	4e-05	0.00014	0.00012	0.00016	0.0001	0.0002	0.00016	0.00018	0.00022	0.00024	0.00034	0.00022	0.0002	0.00038	0.00052	0.00054	0.00082	0.00078	0.00088	0.0013	0.00176	0.00264	0.00608	0.10314	0.15392	0.11764	0.05822	0.00086	0.0	0.0	0.0	0.0	0.0	0.0	0.0	0.0	0.0	0.0	0.0	0.0	0.0	0.0	0.0	0.0	0.0	0.0	0.0	0.0	0.0	0.0	0.0	0.0	0.0	0.0	0.0	0.0	0.0	0.0	0.0	0.0	0.0	0.0	0.0	0.0	0.0	0.0	
0.001254  2500.0  2750.0  0.0	0.0	0.0	0.0	0.0	0.0	0.0	0.0	0.0	2e-05	2e-05	2e-05	0.0	0.0	2e-05	0.0	2e-05	0.0	0.0	4e-05	0.0	2e-05	0.0	0.0	6e-05	2e-05	2e-05	2e-05	8e-05	6e-05	6e-05	8e-05	2e-05	0.00012	8e-05	0.0001	4e-05	0.00024	0.0001	0.00012	0.00016	0.00012	0.00032	0.00012	0.00012	0.00024	0.00034	0.00034	0.00026	0.00052	0.00056	0.0007	0.0007	0.00094	0.00112	0.00118	0.00194	0.0028	0.00486	0.08286	0.16182	0.12452	0.0684	0.0018	0.0	0.0	0.0	0.0	0.0	0.0	0.0	0.0	0.0	0.0	0.0	0.0	0.0	0.0	0.0	0.0	0.0	0.0	0.0	0.0	0.0	0.0	0.0	0.0	0.0	0.0	0.0	0.0	0.0	0.0	0.0	0.0	0.0	0.0	0.0	
0.000576  2750.0  3000.0  0.0	0.0	0.0	2e-05	0.0	0.0	2e-05	0.0	0.0	0.0	0.0	0.0	0.0	0.0	4e-05	0.0	4e-05	0.0	2e-05	0.0	2e-05	2e-05	8e-05	0.0	8e-05	4e-05	2e-05	8e-05	0.0	8e-05	2e-05	8e-05	0.0	6e-05	0.00016	6e-05	0.0001	0.0001	8e-05	0.00014	0.00018	6e-05	0.0001	0.0002	0.00016	0.00018	0.00034	0.0002	0.00018	0.00028	0.00032	0.00034	0.00052	0.00052	0.0005	0.00082	0.00086	0.00116	0.00118	0.00134	0.00252	0.00474	0.0651	0.16062	0.13134	0.08006	0.00632	2e-05	0.0	0.0	0.0	0.0	0.0	0.0	0.0	0.0	0.0	0.0	0.0	0.0	0.0	0.0	0.0	0.0	0.0	0.0	0.0	0.0	0.0	0.0	0.0	0.0	0.0	0.0	0.0	0.0	0.0	0.0	0.0	
0.000394  3000.0  3500.0  0.0	0.0	0.0	0.0	0.0	0.0	4e-05	0.0	0.0	0.0	2e-05	0.0	0.0	0.0	2e-05	0.0	4e-05	0.0	2e-05	2e-05	2e-05	0.0	0.0	0.0	2e-05	2e-05	0.0	4e-05	4e-05	2e-05	4e-05	4e-05	0.0	8e-05	2e-05	0.00016	0.0001	0.00014	0.00014	8e-05	6e-05	6e-05	0.00018	0.0002	0.00014	0.00016	0.00012	0.00014	0.00018	0.00026	0.00022	0.00032	0.00028	0.00028	0.00038	0.0005	0.0005	0.00046	0.0006	0.00098	0.0008	0.00136	0.00154	0.00208	0.00376	0.03342	0.10946	0.09224	0.07114	0.05498	0.0442	0.03218	0.00534	4e-05	0.0	0.0	0.0	0.0	0.0	0.0	0.0	0.0	0.0	0.0	0.0	0.0	0.0	0.0	0.0	0.0	0.0	0.0	0.0	0.0	0.0	0.0	0.0	0.0	0.0	
9e-05  3500.0  4000.0  0.0	2e-05	0.0	0.0	2e-05	0.0	0.0	0.0	0.0	0.0	2e-05	0.0	0.0	0.0	0.0	0.0	0.0	0.0	0.0	0.0	0.0	0.0	0.0	2e-05	0.0	2e-05	4e-05	6e-05	4e-05	4e-05	4e-05	0.0	6e-05	4e-05	6e-05	6e-05	8e-05	4e-05	2e-05	0.0001	8e-05	0.0	0.00018	4e-05	6e-05	0.0001	0.00014	8e-05	0.0002	0.00018	0.00014	0.00014	0.00022	0.00016	0.00024	0.0003	0.0002	0.00026	0.0004	0.00044	0.0006	0.00032	0.00052	0.00064	0.00102	0.00094	0.00098	0.00108	0.00152	0.00184	0.00254	0.0193	0.09776	0.09714	0.07864	0.06106	0.04712	0.0356	0.0123	0.00026	0.0	0.0	0.0	0.0	0.0	0.0	0.0	0.0	0.0	0.0	0.0	0.0	0.0	0.0	0.0	0.0	0.0	0.0	0.0	
2.9e-05  4000.0  15000.0  2e-05	0.0	2e-05	0.0	0.0	0.0	0.0	0.0	0.0	0.0	0.0	0.0	0.0	0.0	2e-05	0.0	0.0	0.0	0.0	0.0	2e-05	0.0	0.0	2e-05	0.0	2e-05	0.0	6e-05	2e-05	0.0	0.0	0.0	6e-05	2e-05	4e-05	4e-05	6e-05	6e-05	4e-05	6e-05	4e-05	2e-05	6e-05	0.0001	6e-05	8e-05	8e-05	0.0001	0.0	0.0001	0.00012	0.00016	0.0001	0.00032	0.00022	0.00018	0.00026	0.0003	0.0001	0.00022	0.00018	0.00028	0.00022	0.00026	0.00038	0.00042	0.00044	0.00036	0.00034	0.00056	0.00066	0.00054	0.00058	0.00108	0.00128	0.00154	0.00218	0.0086	0.07538	0.08786	0.06386	0.05198	0.03742	0.02828	0.0207	0.01654	0.01352	0.01	0.0077	0.00578	0.0042	0.0039	0.00312	0.00194	0.00174	0.00138	0.00086	0.00086	0.00056	
