#===============
# Experiment : ATLAS
# Search : 2002_12223
# ll~ : tata
# qq~ : bb~
# FF  : vector
# XY  : LR RL
# coef : 0 0
# type : Z*R2 Z*R2~ Z*V2
# Nevs : 50000
#===============
#
# XSEC	BIN_MIN	BIN_MAX 	 Kij 
# 150 200 250 300 350 400 450 500 600 700 800 900 1000 1150 15000 
2.86612  150.0  200.0  0.0	0.0	2e-05	0.0	0.0	0.0	0.0	0.0	0.0	0.0	0.0	0.0	0.0	0.0	
1.24896  200.0  250.0  0.0	0.00048	0.00022	2e-05	0.0	0.0	0.0	0.0	0.0	0.0	0.0	0.0	0.0	0.0	
0.655638  250.0  300.0  0.0	0.00158	0.00548	0.00096	8e-05	2e-05	2e-05	0.0	0.0	0.0	0.0	0.0	0.0	0.0	
0.38119  300.0  350.0  2e-05	0.00184	0.01226	0.0091	0.00098	6e-05	2e-05	2e-05	0.0	0.0	0.0	0.0	0.0	0.0	
0.236366  350.0  400.0  0.0	0.00184	0.0129	0.01614	0.00788	0.0009	8e-05	2e-05	0.0	0.0	0.0	0.0	0.0	0.0	
0.154122  400.0  450.0  2e-05	0.00142	0.01174	0.01636	0.01528	0.00674	0.00104	6e-05	0.0	0.0	0.0	0.0	0.0	0.0	
0.103996  450.0  500.0  0.0	0.00092	0.00958	0.01794	0.01634	0.01298	0.00622	0.001	2e-05	2e-05	0.0	0.0	0.0	0.0	
0.123044  500.0  600.0  0.0	0.00086	0.00824	0.01378	0.01652	0.01628	0.01366	0.01076	0.0004	4e-05	0.0	0.0	0.0	0.0	
0.064202  600.0  700.0  2e-05	0.00076	0.00552	0.01058	0.01296	0.01372	0.01418	0.0236	0.0096	0.00044	4e-05	0.0	0.0	0.0	
0.035606  700.0  800.0  0.0	0.00038	0.00402	0.00766	0.01006	0.0111	0.01218	0.02524	0.0223	0.00758	0.00048	4e-05	0.0	2e-05	
0.020626  800.0  900.0  0.0	0.00042305445315175567	0.002759926670561454	0.005942907794274663	0.007735852857632104	0.009246761618888374	0.01083825218074498	0.021696649811640042	0.0222405769656923	0.01766755978162332	0.006627853099377506	0.0005237817039021737	8.058180060033442e-05	0.0	
0.012361  900.0  1000.0  0.0	0.0004	0.00246	0.00488	0.00564	0.00786	0.00864	0.01928	0.02038	0.02078	0.01658	0.00594	0.00068	4e-05	
0.010353  1000.0  1150.0  0.0	0.00022	0.00192	0.0034	0.00476	0.00638	0.00682	0.01574	0.01822	0.02008	0.01814	0.01428	0.00792	0.00026	
0.011764  1150.0  15000.0  0.0	0.0001	0.00082	0.00188	0.00266	0.00318	0.00382	0.00966	0.01262	0.01348	0.01428	0.015	0.01976	0.02798	
