#===============
# Experiment : ATLAS
# Search : 1906_05609
# ll~ : muvm
# qq~ : ub~
# FF  : vector
# XY  :  LL RR
# coef : 0 0
# type : W*S1 W*S3
# Nevs : 50000
#===============
#
# XSEC	BIN_MIN	BIN_MAX 	 Kij 
# 110.0 119.581 129.997 141.32 153.63 167.011 181.558 197.372 214.564 233.253 253.57 275.657 299.667 325.769 354.144 384.991 418.524 454.979 494.609 537.69 584.525 635.438 690.786 750.956 816.366 887.473 964.775 1048.81 1140.16 1239.47 1347.44 1464.8 1592.39 1731.09 1881.87 2045.79 2223.98 2417.69 2628.28 2857.21 3106.08 3376.63 3670.74 3990.47 4338.05 4715.91 5126.68 5573.22 6058.67 6586.39 7160.08 7783.74 8461.73 9198.76 10000.0 
-0.052555  200.0  300.0  0.00644	0.01478	0.02388	0.0317	0.03802	0.04956	0.06332	0.07542	0.06976	0.0574	0.04022	0.02138	0.0053	0.00126	0.00052	0.0002	8e-05	8e-05	4e-05	6e-05	0.0	0.0	0.0	0.0	0.0	0.0	0.0	0.0	0.0	0.0	0.0	0.0	0.0	0.0	0.0	0.0	0.0	0.0	0.0	0.0	0.0	0.0	0.0	0.0	0.0	0.0	0.0	0.0	0.0	0.0	0.0	0.0	0.0	0.0	
-0.021971  300.0  400.0  0.0032	0.0072	0.01046	0.01452	0.01742	0.02244	0.02758	0.03078	0.039	0.0502	0.06104	0.08096	0.09214	0.07618	0.04616	0.01734	0.00348	0.00084	0.00034	0.00028	0.00018	8e-05	6e-05	6e-05	0.0	0.0	0.0	0.0	0.0	0.0	0.0	0.0	0.0	0.0	0.0	0.0	0.0	0.0	0.0	0.0	0.0	0.0	0.0	0.0	0.0	0.0	0.0	0.0	0.0	0.0	0.0	0.0	0.0	0.0	
-0.011271  400.0  500.0  0.00198	0.00392	0.00634	0.00826	0.00988	0.01272	0.01512	0.01924	0.02186	0.02696	0.032	0.03872	0.047	0.06006	0.07992	0.1	0.08946	0.0489	0.01532	0.00332	0.001	0.00046	0.00016	0.00012	2e-05	2e-05	2e-05	4e-05	0.0	4e-05	2e-05	0.0	0.0	0.0	2e-05	0.0	0.0	0.0	0.0	0.0	0.0	0.0	0.0	0.0	0.0	0.0	0.0	0.0	0.0	0.0	0.0	0.0	0.0	0.0	
-0.006441  500.0  600.0  0.00114	0.00256	0.00394	0.0048	0.00674	0.0084	0.01014	0.01318	0.0145	0.01714	0.02166	0.02516	0.02978	0.0361	0.04436	0.05376	0.07072	0.09734	0.10612	0.0723	0.02286	0.00528	0.00166	0.0004	0.00018	0.0001	2e-05	2e-05	6e-05	0.0	0.0	0.0	0.0	0.0	0.0	0.0	0.0	0.0	0.0	0.0	0.0	0.0	0.0	0.0	0.0	0.0	0.0	0.0	0.0	0.0	0.0	0.0	0.0	0.0	
-0.003954  600.0  700.0  0.00102	0.0019	0.00242	0.0039	0.00458	0.00642	0.00714	0.00856	0.0103	0.01316	0.0157	0.01828	0.02112	0.02514	0.02932	0.0354	0.04462	0.05382	0.07288	0.09292	0.10792	0.07114	0.02348	0.0048	0.00154	0.00072	0.00012	0.00012	2e-05	0.0	2e-05	0.0	0.0	0.0	0.0	0.0	0.0	0.0	0.0	0.0	0.0	0.0	0.0	0.0	0.0	0.0	0.0	0.0	0.0	0.0	0.0	0.0	0.0	0.0	
-0.002548  700.0  800.0  0.00056	0.00128	0.00186	0.00288	0.00338	0.00426	0.00572	0.00606	0.00784	0.00878	0.01048	0.01336	0.01484	0.01758	0.0206	0.0257	0.0309	0.0373	0.04804	0.06006	0.07764	0.10208	0.1049	0.05698	0.01434	0.0037	0.00104	0.0005	0.0003	8e-05	6e-05	2e-05	4e-05	0.0	4e-05	0.0	0.0	0.0	0.0	0.0	0.0	0.0	0.0	0.0	0.0	0.0	0.0	0.0	0.0	0.0	0.0	0.0	0.0	0.0	
-0.0017  800.0  900.0  0.00066	0.00112	0.00148	0.0023	0.00276	0.00332	0.00412	0.00474	0.00532	0.00706	0.00872	0.01028	0.01138	0.01398	0.01686	0.02046	0.0237	0.02838	0.03358	0.04194	0.05144	0.06766	0.08946	0.10864	0.0838	0.03046	0.00726	0.00252	0.0009	0.0003	0.00012	2e-05	0.0	0.0	2e-05	0.0	0.0	0.0	0.0	0.0	0.0	0.0	0.0	0.0	0.0	0.0	0.0	0.0	0.0	0.0	0.0	0.0	0.0	0.0	
-0.001168  900.0  1000.0  0.0005	0.00084	0.00108	0.00166	0.00174	0.00252	0.0029	0.00386	0.00478	0.0059	0.00648	0.00838	0.00812	0.0106	0.0139	0.0164	0.0189	0.0223	0.02652	0.03168	0.03976	0.04938	0.06136	0.07842	0.10534	0.09572	0.04508	0.0128	0.00334	0.00156	0.00044	0.0002	0.0001	0.0	0.0	0.0	0.0	0.0	0.0	0.0	0.0	0.0	0.0	0.0	0.0	0.0	0.0	0.0	0.0	0.0	0.0	0.0	0.0	0.0	
-0.001402  1000.0  1200.0  0.00016	0.00056	0.00086	0.00096	0.00142	0.00234	0.00206	0.00294	0.00372	0.0042	0.00456	0.00624	0.00736	0.00842	0.00908	0.01276	0.01296	0.01588	0.01976	0.02434	0.02968	0.03458	0.04126	0.05232	0.0662	0.089	0.10354	0.07474	0.03628	0.01016	0.00322	0.00106	0.00038	0.00022	6e-05	0.0	2e-05	0.0	0.0	0.0	0.0	0.0	0.0	0.0	0.0	0.0	0.0	0.0	0.0	0.0	0.0	0.0	0.0	0.0	
-0.000733  1200.0  1400.0  0.00028	0.0005	0.00068	0.00062	0.00096	0.00104	0.00152	0.002	0.00216	0.00276	0.00356	0.00414	0.00478	0.0056	0.00666	0.00734	0.0106	0.0122	0.01444	0.0163	0.0201	0.02346	0.02662	0.03524	0.04328	0.05336	0.06746	0.0871	0.09842	0.07506	0.03494	0.01236	0.00316	0.00128	0.00046	0.0002	8e-05	4e-05	2e-05	0.0	0.0	2e-05	0.0	0.0	0.0	0.0	0.0	0.0	0.0	0.0	0.0	0.0	0.0	0.0	
-0.000401  1400.0  1600.0  0.00012	0.00042	0.0004	0.00058	0.00076	0.00092	0.00106	0.00128	0.0019	0.00198	0.00222	0.00322	0.00362	0.00436	0.0049	0.00574	0.00754	0.00794	0.01028	0.0121	0.01498	0.01738	0.02062	0.02408	0.03076	0.03534	0.04582	0.05744	0.07296	0.0874	0.0925	0.06384	0.03014	0.00874	0.00276	0.0008	0.0003	0.00014	8e-05	0.0	0.0	0.0	0.0	0.0	0.0	0.0	0.0	0.0	0.0	0.0	0.0	0.0	0.0	0.0	
-0.000227  1600.0  1800.0  6e-05	0.00024	0.0002	0.00022	0.00054	0.00066	0.00074	0.0008	0.00116	0.0013	0.00152	0.00242	0.0023	0.00328	0.0038	0.00404	0.00516	0.00794	0.00774	0.01024	0.01116	0.0139	0.01586	0.01776	0.02226	0.02768	0.0313	0.04052	0.05096	0.06568	0.081	0.09234	0.07836	0.04522	0.0178	0.00612	0.0017	0.00056	0.0002	4e-05	0.0001	2e-05	0.0	0.0	0.0	0.0	0.0	0.0	0.0	2e-05	0.0	0.0	0.0	0.0	
-0.000132  1800.0  2000.0  0.00016	0.00014	8e-05	0.00016	0.0003	0.00044	0.0005	0.0006	0.00086	0.00096	0.00142	0.00132	0.00204	0.0024	0.0027	0.00382	0.00396	0.00492	0.00638	0.00734	0.0086	0.01032	0.0123	0.0145	0.0169	0.02076	0.02394	0.03018	0.03716	0.04694	0.0583	0.07566	0.08948	0.08206	0.05584	0.02566	0.00978	0.00308	0.00088	0.00024	0.0001	0.0001	4e-05	0.0	2e-05	0.0	0.0	0.0	0.0	0.0	0.0	0.0	0.0	0.0	
-9.2e-05  2000.0  2250.0  0.00014	0.0001	0.00018	0.0001	0.00016	0.0003	0.0003	0.00046	0.00058	0.00068	0.00114	0.00094	0.00148	0.00148	0.00252	0.00276	0.0028	0.00382	0.00466	0.00556	0.00666	0.00848	0.00994	0.01118	0.01404	0.01676	0.01872	0.02374	0.02714	0.03528	0.04388	0.05506	0.0718	0.08264	0.08228	0.06256	0.0346	0.01516	0.00586	0.0015	0.00052	0.0002	8e-05	4e-05	0.0	4e-05	2e-05	0.0	0.0	0.0	0.0	0.0	0.0	0.0	
-4.9e-05  2250.0  2500.0  8e-05	4e-05	0.0	6e-05	0.00018	8e-05	0.00018	0.00034	0.00038	0.0005	0.00078	0.00096	0.00116	0.00116	0.0016	0.0021	0.00222	0.00284	0.00364	0.00514	0.00576	0.0063	0.00724	0.00938	0.01036	0.01186	0.01518	0.0183	0.02118	0.02658	0.03074	0.0401	0.05186	0.06506	0.07842	0.08052	0.06654	0.04444	0.02264	0.00922	0.0034	0.00104	0.00048	0.00026	2e-05	4e-05	2e-05	0.0	0.0	0.0	0.0	0.0	0.0	0.0	
-2.7e-05  2500.0  2750.0  4e-05	4e-05	8e-05	4e-05	8e-05	0.0001	0.00014	0.00018	0.00022	0.0003	0.0004	0.00056	0.00062	0.00102	0.00098	0.00176	0.0015	0.00236	0.00266	0.00294	0.00464	0.005	0.00634	0.00744	0.00874	0.0105	0.01164	0.01538	0.01784	0.0207	0.02524	0.03124	0.03882	0.05044	0.06068	0.07646	0.07682	0.06758	0.04708	0.02652	0.01236	0.00504	0.00184	0.00072	0.0002	6e-05	6e-05	4e-05	2e-05	0.0	0.0	0.0	0.0	0.0	
-1.5e-05  2750.0  3000.0  4e-05	0.0	0.0	4e-05	2e-05	4e-05	0.0001	0.00016	0.0001	0.00012	0.0004	0.00044	0.00054	0.00084	0.00082	0.00128	0.00154	0.00222	0.00222	0.00292	0.00354	0.00422	0.00502	0.00568	0.0071	0.00842	0.01084	0.0123	0.01352	0.01786	0.01972	0.02504	0.03182	0.03622	0.04796	0.05956	0.0714	0.0778	0.0654	0.04888	0.03074	0.01404	0.0065	0.0026	0.00086	0.00028	8e-05	0.0	0.0	0.0	0.0	0.0	0.0	0.0	
-1.3e-05  3000.0  3500.0  4e-05	6e-05	0.0	4e-05	2e-05	2e-05	0.0	6e-05	0.00012	0.00022	0.00022	0.00024	0.00022	0.00048	0.0005	0.0007	0.00112	0.0013	0.00196	0.00226	0.00324	0.00284	0.00408	0.0046	0.0063	0.00704	0.00722	0.00932	0.01112	0.01306	0.01602	0.0204	0.02374	0.0298	0.03608	0.04598	0.0566	0.06428	0.06964	0.06554	0.0517	0.03472	0.02052	0.00994	0.00424	0.00168	0.00092	0.00038	0.00014	2e-05	0.0	0.0	0.0	0.0	
-4e-06  3500.0  4000.0  2e-05	0.0	6e-05	0.0	4e-05	2e-05	4e-05	2e-05	0.0001	0.0	8e-05	0.0001	0.00014	0.00016	0.00026	0.00034	0.00052	0.00114	0.00108	0.00134	0.0019	0.00226	0.00258	0.00358	0.00404	0.00506	0.00544	0.00646	0.00818	0.00962	0.01136	0.01418	0.01818	0.01964	0.02588	0.03118	0.03876	0.04636	0.0564	0.0643	0.0644	0.05836	0.04452	0.02978	0.01854	0.00882	0.00448	0.0016	0.00064	0.00042	0.00016	2e-05	0.0	0.0	
-2e-06  4000.0  15000.0  0.0	0.0	0.0	0.0	0.0	2e-05	2e-05	4e-05	2e-05	0.0	4e-05	4e-05	4e-05	0.0002	0.00014	0.00012	0.00024	0.00026	0.00068	0.001	0.001	0.00146	0.00174	0.00278	0.0026	0.00322	0.00396	0.00422	0.0052	0.00614	0.0076	0.00964	0.01144	0.01448	0.01744	0.02328	0.02572	0.0319	0.03884	0.0451	0.05326	0.056	0.0525	0.05018	0.0394	0.02992	0.01916	0.01174	0.00782	0.00398	0.00228	0.00124	0.00068	0.00026	
