#===============
# Experiment : ATLAS
# Search : 1906_05609
# ll~ : muvm
# qq~ : bu~
# FF  : scalar tensor scalar-tensor
# XY  : LL LR RL RR
# coef : 0 0
# type : U1*U1
# Nevs : 50000
#===============
#
# XSEC	BIN_MIN	BIN_MAX 	 Kij 
# 110.0 119.581 129.997 141.32 153.63 167.011 181.558 197.372 214.564 233.253 253.57 275.657 299.667 325.769 354.144 384.991 418.524 454.979 494.609 537.69 584.525 635.438 690.786 750.956 816.366 887.473 964.775 1048.81 1140.16 1239.47 1347.44 1464.8 1592.39 1731.09 1881.87 2045.79 2223.98 2417.69 2628.28 2857.21 3106.08 3376.63 3670.74 3990.47 4338.05 4715.91 5126.68 5573.22 6058.67 6586.39 7160.08 7783.74 8461.73 9198.76 10000.0 
3.2634  200.0  300.0  0.00426	0.01062	0.01624	0.02322	0.03232	0.0437	0.06494	0.08644	0.08976	0.0838	0.06906	0.03712	0.00788	0.00108	0.00024	6e-05	0.00012	0.0	0.0	2e-05	0.0	0.0	0.0	0.0	0.0	0.0	0.0	0.0	0.0	0.0	0.0	0.0	0.0	0.0	0.0	0.0	0.0	0.0	0.0	0.0	0.0	0.0	0.0	0.0	0.0	0.0	0.0	0.0	0.0	0.0	0.0	0.0	0.0	0.0	
2.4244  300.0  400.0  0.00148	0.00426	0.00666	0.00952	0.0127	0.01524	0.02006	0.02384	0.03122	0.04322	0.05816	0.09002	0.11184	0.10448	0.07066	0.02502	0.00288	0.00056	0.00014	6e-05	2e-05	0.0	0.0	0.0	0.0	2e-05	0.0	0.0	0.0	0.0	0.0	0.0	0.0	0.0	0.0	0.0	0.0	0.0	0.0	0.0	0.0	0.0	0.0	0.0	0.0	0.0	0.0	0.0	0.0	0.0	0.0	0.0	0.0	0.0	
1.80924  400.0  500.0  0.00082	0.00252	0.00332	0.0045	0.00608	0.00752	0.0094	0.01326	0.01534	0.02002	0.02434	0.03288	0.04236	0.05484	0.08502	0.1242	0.1154	0.06938	0.01618	0.0022	0.00044	0.0001	0.0	4e-05	0.0	0.0	0.0	0.0	0.0	0.0	0.0	0.0	0.0	0.0	0.0	0.0	0.0	0.0	0.0	0.0	0.0	0.0	0.0	0.0	0.0	0.0	0.0	0.0	0.0	0.0	0.0	0.0	0.0	0.0	
1.35894  500.0  600.0  0.00064	0.0014	0.00222	0.00286	0.0036	0.00458	0.00578	0.00784	0.0095	0.01178	0.01522	0.01884	0.02364	0.02954	0.03598	0.04894	0.0684	0.10596	0.137	0.0968	0.02902	0.00336	0.00082	0.00014	8e-05	4e-05	0.0	0.0	0.0	0.0	0.0	0.0	0.0	0.0	0.0	0.0	0.0	0.0	0.0	0.0	0.0	0.0	0.0	0.0	0.0	0.0	0.0	0.0	0.0	0.0	0.0	0.0	0.0	0.0	
1.02798  600.0  700.0  0.00054	0.00096	0.00124	0.00206	0.00228	0.00296	0.00398	0.00512	0.00628	0.00768	0.00922	0.01122	0.01492	0.01842	0.0222	0.02956	0.03694	0.04904	0.06868	0.10388	0.14246	0.09698	0.02646	0.00354	0.00046	0.00018	8e-05	0.0	2e-05	0.0	0.0	0.0	0.0	0.0	0.0	0.0	0.0	0.0	0.0	0.0	0.0	0.0	0.0	0.0	0.0	0.0	0.0	0.0	0.0	0.0	0.0	0.0	0.0	0.0	
0.7812  700.0  800.0  0.0004	0.00048	0.00098	0.0012	0.0015	0.002	0.00306	0.00396	0.00462	0.00542	0.00714	0.00796	0.01092	0.01384	0.01508	0.01962	0.02542	0.031	0.04094	0.0534	0.07682	0.11808	0.13832	0.07158	0.01398	0.0022	0.00052	4e-05	4e-05	0.0	0.0	2e-05	0.0	0.0	0.0	0.0	0.0	0.0	0.0	0.0	0.0	0.0	0.0	0.0	0.0	0.0	0.0	0.0	0.0	0.0	0.0	0.0	0.0	0.0	
0.59584  800.0  900.0  0.00028	0.00048	0.0007	0.00076	0.00116	0.00134	0.00226	0.00234	0.0036	0.0038	0.00524	0.00642	0.00794	0.00966	0.01186	0.01442	0.01728	0.02222	0.02876	0.03608	0.04478	0.06308	0.096	0.13776	0.11336	0.03604	0.00532	0.00106	0.00028	0.0001	0.0	0.0	0.0	2e-05	0.0	0.0	0.0	0.0	0.0	0.0	0.0	0.0	0.0	0.0	0.0	0.0	0.0	0.0	0.0	0.0	0.0	0.0	0.0	0.0	
0.45634  900.0  1000.0  0.00014	0.00038	0.0005	0.00044	0.0008	0.00094	0.00154	0.00204	0.00256	0.00362	0.004	0.00506	0.00614	0.00772	0.00964	0.01114	0.01334	0.01688	0.02102	0.02644	0.03412	0.04242	0.05638	0.08102	0.12258	0.12658	0.05932	0.0115	0.00184	0.00058	0.0001	0.00014	2e-05	2e-05	0.0	0.0	0.0	0.0	0.0	0.0	0.0	0.0	0.0	0.0	0.0	0.0	0.0	0.0	0.0	0.0	0.0	0.0	0.0	0.0	
0.62084  1000.0  1200.0  0.0001	0.00028	0.00028	0.0005	0.00062	0.00078	0.00102	0.00128	0.00176	0.00236	0.00246	0.00392	0.00452	0.00572	0.00622	0.00722	0.01044	0.01214	0.01488	0.01908	0.02334	0.02768	0.03834	0.04682	0.06666	0.0958	0.1232	0.09648	0.0441	0.01178	0.00204	0.00042	0.0002	2e-05	2e-05	4e-05	0.0	0.0	0.0	2e-05	0.0	0.0	0.0	0.0	0.0	0.0	0.0	0.0	0.0	0.0	0.0	0.0	0.0	0.0	
0.3701  1200.0  1400.0  0.00018	0.00016	0.00024	0.00036	0.00034	0.0005	0.00066	0.00078	0.00128	0.0014	0.00196	0.00234	0.00292	0.00398	0.00412	0.00606	0.0072	0.00762	0.0104	0.01348	0.0165	0.02038	0.02456	0.0299	0.03748	0.04812	0.06354	0.09292	0.11432	0.09532	0.0443	0.0118	0.00252	0.00056	0.00012	8e-05	4e-05	2e-05	0.0	0.0	0.0	0.0	0.0	0.0	0.0	0.0	0.0	0.0	0.0	0.0	0.0	0.0	0.0	0.0	
0.22288  1400.0  1600.0  0.0001	6e-05	0.00012	0.00026	0.00028	0.00038	0.00044	0.00054	0.00094	0.00104	0.00138	0.0018	0.00202	0.00268	0.00332	0.0044	0.00502	0.00662	0.007	0.00934	0.0115	0.01406	0.0167	0.02016	0.02404	0.03152	0.04024	0.05368	0.07144	0.10138	0.10994	0.07846	0.03244	0.0094	0.00224	0.0006	0.00016	6e-05	0.00012	6e-05	0.0	0.0	0.0	0.0	0.0	0.0	0.0	0.0	0.0	0.0	0.0	0.0	0.0	0.0	
0.135128  1600.0  1800.0  4e-05	4e-05	0.00024	0.00014	0.00022	0.00024	0.0002	0.00042	0.00046	0.0007	0.00088	0.00136	0.00128	0.0021	0.00276	0.00308	0.00366	0.00454	0.00622	0.00718	0.00948	0.01052	0.01334	0.01754	0.0196	0.02286	0.02844	0.0362	0.04652	0.06168	0.08638	0.10172	0.09068	0.05124	0.0198	0.0056	0.00148	0.0003	0.00014	6e-05	2e-05	4e-05	2e-05	0.0	0.0	0.0	0.0	0.0	0.0	0.0	0.0	0.0	0.0	0.0	
0.08254  1800.0  2000.0  2e-05	4e-05	4e-05	0.00012	0.00018	0.00026	0.00022	0.0002	0.00042	0.0004	0.00104	0.0009	0.00114	0.00142	0.00238	0.00204	0.00332	0.00364	0.00476	0.00574	0.00728	0.00962	0.01108	0.01304	0.01588	0.01928	0.02264	0.0266	0.0343	0.04238	0.0564	0.07528	0.09138	0.09366	0.06388	0.03064	0.0099	0.00268	0.00066	0.00012	2e-05	4e-05	0.0	0.0	0.0	0.0	0.0	0.0	0.0	0.0	0.0	0.0	0.0	0.0	
0.060016  2000.0  2250.0  4e-05	4e-05	2e-05	8e-05	0.00012	6e-05	8e-05	0.00026	0.00022	0.00038	0.00052	0.00088	0.00084	0.00128	0.0016	0.0019	0.00244	0.00314	0.0041	0.00474	0.0063	0.00722	0.00892	0.01036	0.01302	0.01512	0.0178	0.02228	0.02698	0.0332	0.04086	0.05312	0.07066	0.08476	0.08868	0.07054	0.0382	0.01558	0.00538	0.00156	0.0006	0.0001	4e-05	2e-05	6e-05	0.0	2e-05	0.0	0.0	0.0	0.0	0.0	0.0	0.0	
0.032996  2250.0  2500.0  0.0	0.0	4e-05	2e-05	8e-05	4e-05	0.00014	0.00022	0.00026	0.00018	0.00048	0.00054	0.0006	0.00098	0.00108	0.0012	0.00162	0.00236	0.00324	0.00396	0.00426	0.00668	0.00844	0.00946	0.0112	0.01364	0.01542	0.01814	0.02204	0.02614	0.03104	0.0385	0.04916	0.06122	0.075	0.08074	0.06984	0.04452	0.02248	0.0085	0.003	0.00092	0.00034	0.00012	4e-05	4e-05	0.0	2e-05	0.0	0.0	2e-05	0.0	0.0	0.0	
0.018272  2500.0  2750.0  2e-05	2e-05	4e-05	6e-05	2e-05	2e-05	2e-05	8e-05	0.00014	0.00026	0.0003	0.0004	0.00058	0.00078	0.00096	0.00138	0.00136	0.00224	0.00282	0.00324	0.0047	0.00558	0.0071	0.00766	0.00862	0.01128	0.01332	0.01602	0.0193	0.02298	0.02548	0.03142	0.03898	0.04722	0.05752	0.0697	0.07642	0.06698	0.04862	0.027	0.01044	0.00418	0.00138	0.00038	0.00014	0.0001	0.0	2e-05	2e-05	0.0	0.0	0.0	0.0	0.0	
0.01021  2750.0  3000.0  0.0	0.0	2e-05	2e-05	8e-05	6e-05	2e-05	2e-05	0.00014	0.00012	0.0001	0.00028	0.00034	0.0005	0.0007	0.0011	0.00156	0.00168	0.0026	0.00292	0.0038	0.00508	0.00504	0.00696	0.00798	0.01108	0.01256	0.0138	0.01692	0.01978	0.02298	0.0275	0.03288	0.03872	0.04794	0.05482	0.06382	0.06796	0.06288	0.04484	0.02716	0.01362	0.00498	0.0019	0.00072	0.00016	6e-05	2e-05	2e-05	0.0	0.0	0.0	0.0	0.0	
0.008976  3000.0  3500.0  0.0	0.0	6e-05	2e-05	2e-05	2e-05	6e-05	2e-05	6e-05	4e-05	0.00016	0.0001	0.00026	0.0004	0.00044	0.0009	0.00112	0.00126	0.00192	0.00198	0.00282	0.00458	0.00552	0.00662	0.0077	0.00848	0.01148	0.01308	0.0144	0.01766	0.01976	0.02318	0.02778	0.03186	0.03716	0.04506	0.0532	0.05916	0.06096	0.0573	0.04498	0.02934	0.0161	0.00766	0.00336	0.00158	0.00044	0.00022	6e-05	2e-05	2e-05	2e-05	0.0	2e-05	
0.002881  3500.0  4000.0  0.0	0.0	2e-05	0.0	6e-05	0.0	4e-05	4e-05	2e-05	6e-05	0.00012	8e-05	0.00016	0.0002	0.0004	0.00058	0.00068	0.00102	0.00124	0.00212	0.00268	0.00344	0.00458	0.00568	0.00684	0.00844	0.00954	0.01072	0.01202	0.01494	0.0164	0.0199	0.02396	0.02798	0.03152	0.03516	0.0397	0.04528	0.0511	0.05306	0.05066	0.04448	0.03414	0.02392	0.014	0.0079	0.00352	0.00128	0.00062	0.00022	0.00012	4e-05	0.0	0.0	
0.001396  4000.0  15000.0  0.0	2e-05	0.0	0.0	0.0	4e-05	4e-05	0.0	0.0	6e-05	6e-05	4e-05	8e-05	4e-05	6e-05	0.00036	0.00034	0.0006	0.00086	0.00134	0.00192	0.00248	0.00354	0.00456	0.00628	0.00752	0.00894	0.01036	0.01234	0.01286	0.01542	0.0173	0.01916	0.02314	0.02642	0.03032	0.03352	0.03546	0.0389	0.04274	0.04442	0.04234	0.0407	0.0336	0.0259	0.0178	0.01302	0.00774	0.0045	0.00228	0.00142	0.00048	0.0005	0.00012	
