#===============
# Experiment : ATLAS
# Search : 1906_05609
# ll~ : muvm
# qq~ : ub~
# FF  : vector
# XY  :  LL RR
# coef : 0 0
# type : U3*U3 U1*U1
# Nevs : 50000
#===============
#
# XSEC	BIN_MIN	BIN_MAX 	 Kij 
# 110.0 119.581 129.997 141.32 153.63 167.011 181.558 197.372 214.564 233.253 253.57 275.657 299.667 325.769 354.144 384.991 418.524 454.979 494.609 537.69 584.525 635.438 690.786 750.956 816.366 887.473 964.775 1048.81 1140.16 1239.47 1347.44 1464.8 1592.39 1731.09 1881.87 2045.79 2223.98 2417.69 2628.28 2857.21 3106.08 3376.63 3670.74 3990.47 4338.05 4715.91 5126.68 5573.22 6058.67 6586.39 7160.08 7783.74 8461.73 9198.76 10000.0 
4.9658  200.0  300.0  0.0063	0.01522	0.0216	0.02898	0.03912	0.0441	0.05898	0.0713	0.07194	0.06542	0.0518	0.02802	0.00708	0.00134	0.00044	0.0002	0.00016	8e-05	4e-05	0.0	2e-05	4e-05	2e-05	0.0	0.0	2e-05	0.0	0.0	0.0	0.0	0.0	0.0	0.0	0.0	0.0	0.0	0.0	0.0	0.0	0.0	0.0	0.0	0.0	0.0	0.0	0.0	0.0	0.0	0.0	0.0	0.0	0.0	0.0	0.0	
4.4304  300.0  400.0  0.003	0.00652	0.01078	0.01362	0.01724	0.0219	0.02718	0.0323	0.03872	0.04752	0.05894	0.07506	0.0884	0.08066	0.05486	0.02106	0.00386	0.00082	0.00042	0.00014	0.00012	4e-05	0.0	0.0	0.0	2e-05	2e-05	0.0	0.0	0.0	0.0	0.0	0.0	0.0	0.0	0.0	0.0	0.0	0.0	0.0	0.0	0.0	0.0	0.0	0.0	0.0	0.0	0.0	0.0	0.0	0.0	0.0	0.0	0.0	
3.8762  400.0  500.0  0.00188	0.00444	0.00618	0.00894	0.01076	0.0126	0.01584	0.01852	0.02236	0.0263	0.03276	0.03806	0.04774	0.05908	0.07804	0.09842	0.09152	0.0508	0.0161	0.00314	0.00118	0.00036	0.0003	0.00012	2e-05	4e-05	0.0	0.0	0.0	4e-05	0.0	0.0	0.0	0.0	0.0	0.0	0.0	0.0	0.0	0.0	0.0	0.0	0.0	0.0	0.0	0.0	0.0	0.0	0.0	0.0	0.0	0.0	0.0	0.0	
3.3572  500.0  600.0  0.00146	0.00336	0.00416	0.0054	0.00716	0.0088	0.01052	0.01258	0.01456	0.0179	0.02178	0.0253	0.0301	0.03432	0.0425	0.05296	0.07158	0.09324	0.10154	0.07064	0.02528	0.00572	0.00158	0.0005	0.00014	4e-05	6e-05	2e-05	4e-05	4e-05	0.0	2e-05	0.0	0.0	0.0	0.0	0.0	0.0	0.0	0.0	0.0	0.0	0.0	0.0	0.0	0.0	0.0	0.0	0.0	0.0	0.0	0.0	0.0	0.0	
2.8918  600.0  700.0  0.00098	0.00168	0.00316	0.00372	0.00478	0.00668	0.00702	0.00866	0.01076	0.01292	0.01538	0.01754	0.02222	0.02478	0.03054	0.0361	0.04472	0.0556	0.06898	0.09174	0.10476	0.07016	0.02342	0.00572	0.0016	0.00054	8e-05	8e-05	2e-05	4e-05	4e-05	4e-05	0.0	0.0	0.0	2e-05	0.0	0.0	0.0	0.0	0.0	0.0	0.0	0.0	0.0	0.0	0.0	0.0	0.0	0.0	0.0	0.0	0.0	0.0	
2.4846  700.0  800.0  0.00066	0.00146	0.00212	0.00278	0.00336	0.00464	0.00576	0.00608	0.00812	0.00986	0.01198	0.01298	0.01622	0.01882	0.02388	0.02842	0.03336	0.03896	0.04842	0.05808	0.07394	0.09566	0.09604	0.05406	0.0149	0.00404	0.00124	0.00038	0.0002	0.0001	6e-05	8e-05	0.0	0.0	0.0	0.0	0.0	0.0	0.0	0.0	0.0	0.0	0.0	0.0	0.0	0.0	0.0	0.0	0.0	0.0	0.0	0.0	0.0	0.0	
2.1272  800.0  900.0  0.00072	0.00094	0.00198	0.00236	0.00288	0.00346	0.0042	0.0057	0.00656	0.00744	0.0095	0.01202	0.01222	0.01484	0.01826	0.02126	0.02654	0.02996	0.03558	0.04298	0.05262	0.06622	0.08404	0.10394	0.07752	0.02842	0.00674	0.0022	0.00096	0.00024	0.00016	4e-05	0.0	2e-05	0.0	0.0	0.0	0.0	0.0	0.0	0.0	0.0	0.0	0.0	0.0	0.0	0.0	0.0	0.0	0.0	0.0	0.0	0.0	0.0	
1.81732  900.0  1000.0  0.00046	0.00072	0.00142	0.00192	0.00216	0.00304	0.00382	0.00418	0.00514	0.0061	0.00738	0.00882	0.01102	0.01232	0.01504	0.0177	0.01994	0.02514	0.02772	0.03366	0.04178	0.051	0.06098	0.07478	0.09678	0.0889	0.04182	0.01212	0.00302	0.00108	0.00036	0.00012	0.0002	2e-05	4e-05	2e-05	2e-05	2e-05	0.0	0.0	0.0	0.0	0.0	0.0	0.0	0.0	0.0	0.0	0.0	0.0	0.0	0.0	0.0	0.0	
2.8734  1000.0  1200.0  0.00046	0.00084	0.0011	0.0011	0.00148	0.00202	0.00268	0.00272	0.0041	0.00478	0.00574	0.00698	0.00774	0.00966	0.01118	0.01302	0.01592	0.01918	0.02306	0.02662	0.03008	0.03846	0.04342	0.05254	0.06548	0.08198	0.09144	0.06894	0.0343	0.00986	0.0029	0.00098	0.00042	0.00024	6e-05	6e-05	2e-05	0.0	0.0	0.0	0.0	0.0	0.0	0.0	0.0	0.0	0.0	0.0	0.0	0.0	0.0	0.0	0.0	0.0	
2.0814  1200.0  1400.0  0.0003	0.00044	0.00062	0.00088	0.00124	0.00164	0.00196	0.00236	0.00256	0.00362	0.00446	0.00526	0.00624	0.0068	0.00854	0.00986	0.01156	0.01408	0.01576	0.01928	0.0218	0.02698	0.0324	0.03806	0.04408	0.05368	0.06502	0.0807	0.08626	0.0648	0.0318	0.01054	0.00312	0.00068	0.00022	0.00014	0.0001	4e-05	2e-05	2e-05	0.0	2e-05	0.0	0.0	0.0	0.0	0.0	0.0	0.0	0.0	0.0	0.0	0.0	0.0	
1.50164  1400.0  1600.0  0.00026	0.0004	0.00056	0.00058	0.0009	0.0013	0.00162	0.002	0.00224	0.00242	0.00282	0.00348	0.00464	0.00516	0.0071	0.0084	0.0084	0.01134	0.0132	0.01592	0.0179	0.02158	0.02528	0.03016	0.03214	0.04152	0.04574	0.05626	0.0687	0.07982	0.0774	0.0512	0.0225	0.00762	0.002	0.00054	0.00014	0.00018	2e-05	2e-05	0.0	2e-05	0.0	0.0	0.0	0.0	0.0	0.0	0.0	0.0	0.0	0.0	0.0	0.0	
1.08028  1600.0  1800.0  0.00012	0.00026	0.00032	0.00048	0.00072	0.00102	0.00102	0.00116	0.00172	0.00202	0.00236	0.0033	0.00304	0.00424	0.00574	0.00682	0.00718	0.00966	0.00986	0.01322	0.01472	0.0173	0.0206	0.0223	0.0264	0.03216	0.03624	0.04318	0.05304	0.06302	0.07184	0.0773	0.0627	0.03452	0.0139	0.00454	0.00132	0.00042	0.00018	6e-05	2e-05	4e-05	0.0	0.0	0.0	0.0	0.0	0.0	0.0	0.0	0.0	0.0	0.0	0.0	
0.77528  1800.0  2000.0  6e-05	6e-05	0.00026	0.00036	0.00042	0.00054	0.0008	0.00088	0.00114	0.0016	0.00186	0.00242	0.00306	0.0036	0.00396	0.00514	0.00584	0.00758	0.00886	0.01012	0.01326	0.01532	0.01766	0.02078	0.02444	0.02616	0.03238	0.0361	0.04296	0.05088	0.0585	0.06854	0.07122	0.06148	0.0399	0.01906	0.0067	0.00218	0.00036	0.00026	8e-05	0.0001	8e-05	0.0	2e-05	0.0	0.0	0.0	0.0	0.0	0.0	0.0	0.0	0.0	
0.66664  2000.0  2250.0  0.0001	0.00022	0.00022	0.00022	0.0003	0.00046	0.00044	0.00076	0.00092	0.00142	0.00142	0.00192	0.00238	0.00288	0.00338	0.00386	0.00514	0.0059	0.00796	0.00966	0.01118	0.0133	0.01456	0.01694	0.0201	0.02202	0.02662	0.03094	0.03582	0.04072	0.04852	0.05602	0.06476	0.06596	0.06122	0.04378	0.02304	0.0097	0.00362	0.00128	0.00052	0.0001	2e-05	0.0	2e-05	0.0	2e-05	0.0	0.0	0.0	0.0	0.0	0.0	0.0	
0.4381  2250.0  2500.0  2e-05	4e-05	8e-05	0.00024	0.00016	0.0002	0.00026	0.0004	0.00068	0.00086	0.00126	0.0016	0.0019	0.00234	0.003	0.00362	0.0045	0.00526	0.00634	0.00764	0.00878	0.01078	0.01272	0.01572	0.01696	0.01986	0.02268	0.02648	0.03086	0.03558	0.03834	0.04386	0.05146	0.0585	0.06282	0.0606	0.04412	0.02706	0.0133	0.0055	0.0021	0.0005	0.0002	0.0001	0.0	0.0	4e-05	0.0	0.0	0.0	0.0	0.0	0.0	0.0	
0.2871  2500.0  2750.0  8.30685523228044e-05	4.15342761614022e-05	6.230141424210329e-05	8.30685523228044e-05	0.0001661371046456088	0.00031150707121051647	0.00031150707121051647	0.000415342761614022	0.0005607127281789297	0.0008099183851473428	0.000830685523228044	0.0013498639752455713	0.0017652067368595934	0.002055946669989409	0.0027620293647332463	0.0028866321932174525	0.0034888791975577847	0.004589537515834943	0.004859510310884057	0.006790854152389259	0.007310032604406787	0.009552883517122506	0.010113596245301434	0.014204722447199551	0.015076942246588997	0.018275081511016967	0.01945880838161693	0.02377837310240276	0.028201773513592092	0.03154528274458497	0.035075696218304156	0.03918758955828297	0.04462857973542666	0.04950885718439142	0.05621664278445787	0.059684754843934956	0.0547629431188088	0.04236496168463024	0.028118704961269288	0.01418395530911885	0.006417045666936639	0.0028450979170560504	0.0012044940086806638	0.00031150707121051647	8.30685523228044e-05	4.15342761614022e-05	0.0	0.0	0.0	0.0	0.0	0.0	0.0	0.0	
0.187704  2750.0  3000.0  4e-05	6e-05	2e-05	0.00014	0.00012	0.00022	0.00026	0.00032	0.00014	0.0005	0.00072	0.00086	0.00128	0.00134	0.0021	0.00252	0.00332	0.00392	0.00524	0.00564	0.00696	0.00932	0.01052	0.0116	0.01398	0.01604	0.0179	0.02052	0.024	0.02714	0.0318	0.03594	0.04118	0.0458	0.0487	0.05336	0.05336	0.05138	0.0403	0.02692	0.01514	0.0062	0.00282	0.00116	0.0004	0.00022	6e-05	2e-05	2e-05	0.0	0.0	0.0	0.0	0.0	
0.20184  3000.0  3500.0  0.0	2e-05	0.0	0.0001	2e-05	0.0001	0.0001	0.0001	0.0001	0.00012	0.00052	0.00054	0.00064	0.00112	0.00138	0.00178	0.00198	0.00316	0.00422	0.00488	0.00614	0.0079	0.00892	0.0111	0.01224	0.01458	0.01584	0.01876	0.02256	0.0247	0.02744	0.03234	0.03632	0.03986	0.04266	0.04668	0.05054	0.05046	0.04586	0.0383	0.0274	0.0169	0.00896	0.00488	0.00184	0.00086	0.00034	0.00014	4e-05	2e-05	0.0	0.0	0.0	0.0	
0.084508  3500.0  4000.0  6e-05	2e-05	2e-05	2e-05	2e-05	0.0001	6e-05	8e-05	6e-05	0.00018	0.00026	0.0002	0.00048	0.00064	0.00086	0.0013	0.0017	0.00258	0.0033	0.00378	0.00552	0.00578	0.0073	0.00906	0.01044	0.01144	0.0148	0.01696	0.01776	0.02094	0.02566	0.0289	0.03174	0.03422	0.03694	0.0411	0.04276	0.04534	0.04326	0.04078	0.0377	0.0299	0.02074	0.01356	0.00728	0.00376	0.00166	0.0005	0.00042	0.0001	0.00012	2e-05	2e-05	0.0	
0.057196  4000.0  15000.0  2e-05	2e-05	4e-05	4e-05	0.0	4e-05	2e-05	6e-05	8e-05	6e-05	0.00016	0.00024	0.00018	0.00026	0.00064	0.00068	0.00076	0.00148	0.00186	0.00212	0.00392	0.00522	0.00596	0.00808	0.0096	0.0109	0.01278	0.0145	0.01568	0.01802	0.02138	0.02354	0.02636	0.03066	0.03304	0.03526	0.03684	0.03724	0.0388	0.03866	0.03646	0.03374	0.02918	0.02176	0.01716	0.01132	0.0071	0.00402	0.00262	0.0014	0.0005	0.00048	0.00022	6e-05	
