#===============
# Experiment : ATLAS
# Search : 1906_05609
# ll~ : muvm
# qq~ : us~
# FF  : vector
# XY  :  LL RR
# coef : 0 0
# type : W*S1 W*S3 W*U1 W*U3
# Nevs : 50000
#===============
#
# XSEC	BIN_MIN	BIN_MAX 	 Kij 
# 110.0 119.581 129.997 141.32 153.63 167.011 181.558 197.372 214.564 233.253 253.57 275.657 299.667 325.769 354.144 384.991 418.524 454.979 494.609 537.69 584.525 635.438 690.786 750.956 816.366 887.473 964.775 1048.81 1140.16 1239.47 1347.44 1464.8 1592.39 1731.09 1881.87 2045.79 2223.98 2417.69 2628.28 2857.21 3106.08 3376.63 3670.74 3990.47 4338.05 4715.91 5126.68 5573.22 6058.67 6586.39 7160.08 7783.74 8461.73 9198.76 10000.0 
44.32562  100.0  200.0  0.0002	0.00044	0.00062	0.00138	0.00302	0.0081	0.02724	0.06982	0.09204	0.08924	0.08326	0.07602	0.06438	0.05622	0.04582	0.02346	0.0061	0.00178	0.00078	0.00024	0.00012	6e-05	8e-05	2e-05	8e-05	2e-05	2e-05	0.0	0.0	0.0	0.0	0.0	0.0	0.0	0.0	0.0	0.0	0.0	0.0	0.0	0.0	0.0	0.0	0.0	0.0	0.0	0.0	0.0	0.0	0.0	0.0	0.0	0.0	0.0	
10.35398  200.0  300.0  6e-05	0.00012	2e-05	0.0001	0.00018	0.00018	0.0001	0.00044	0.0005	0.00062	0.0013	0.00206	0.003	0.00774	0.02818	0.0996	0.14784	0.1396	0.12072	0.08946	0.0404	0.01	0.0025	0.00088	0.00048	0.00018	0.00016	6e-05	4e-05	2e-05	2e-05	2e-05	0.0	0.0	0.0	0.0	0.0	0.0	0.0	0.0	0.0	0.0	0.0	0.0	0.0	0.0	0.0	0.0	0.0	0.0	0.0	0.0	0.0	0.0	
3.716356  300.0  400.0  6e-05	4e-05	2e-05	2e-05	0.0	6e-05	6e-05	4e-05	2e-05	8e-05	0.0002	0.00038	0.0002	0.00028	0.00064	0.00112	0.00208	0.00492	0.0122	0.0473	0.14636	0.18754	0.16208	0.09426	0.02974	0.00726	0.00224	0.00056	0.00038	0.00014	0.00012	4e-05	0.0	4e-05	2e-05	0.0	0.0	0.0	0.0	0.0	0.0	0.0	0.0	0.0	0.0	0.0	0.0	0.0	0.0	0.0	0.0	0.0	0.0	0.0	
1.59911  400.0  500.0  0.0	0.0	0.0	0.0	0.0	4e-05	2e-05	0.0	4e-05	0.0	6e-05	0.00012	0.00014	0.00016	0.00024	0.00018	0.00038	0.00066	0.00078	0.00182	0.00394	0.00948	0.03452	0.12276	0.21148	0.18134	0.0924	0.02682	0.0062	0.00188	0.0007	0.00022	0.00016	8e-05	4e-05	4e-05	0.0	2e-05	0.0	0.0	0.0	0.0	0.0	0.0	0.0	0.0	0.0	0.0	0.0	0.0	0.0	0.0	0.0	0.0	
0.765344  500.0  600.0  0.0	0.0	4e-05	0.0	0.0	0.0	0.0	2e-05	0.0	8e-05	4e-05	2e-05	4e-05	4e-05	8e-05	0.00012	0.00014	0.0002	0.00026	0.0004	0.00076	0.00136	0.00304	0.00574	0.01814	0.0702	0.1815	0.21582	0.1292	0.04454	0.01144	0.00328	0.00106	0.0005	0.00016	0.00018	6e-05	2e-05	0.0	0.0	0.0	0.0	0.0	0.0	0.0	0.0	0.0	0.0	0.0	0.0	0.0	0.0	0.0	0.0	
0.390273  600.0  700.0  2e-05	0.0	6e-05	0.0	0.0	0.0	0.0	2e-05	0.0	2e-05	0.0	0.0	0.0	6e-05	8e-05	6e-05	6e-05	0.00012	8e-05	0.00022	0.00034	0.00036	0.00086	0.00138	0.00274	0.00586	0.01796	0.06676	0.17244	0.21292	0.13302	0.04852	0.01182	0.00368	0.00112	0.00044	0.00026	0.00012	4e-05	0.0	0.0	2e-05	0.0	0.0	0.0	0.0	0.0	0.0	0.0	0.0	0.0	0.0	0.0	0.0	
0.208494  700.0  800.0  0.0	0.0	0.0	0.0	0.0	0.0	0.0	0.0	0.0	0.0	2e-05	0.0	6e-05	2e-05	6e-05	0.00012	4e-05	4e-05	4e-05	0.0001	0.00016	0.00022	0.00036	0.00048	0.00072	0.00148	0.0028	0.00862	0.03118	0.09756	0.19038	0.1891	0.1044	0.0351	0.0098	0.00314	0.00094	0.0005	0.00014	2e-05	6e-05	4e-05	0.0	0.0	0.0	0.0	0.0	0.0	0.0	0.0	0.0	0.0	0.0	0.0	
0.115292  800.0  900.0  0.0	0.0	0.0	0.0	0.0	0.0	0.0	0.0	0.0	0.0	0.0	2e-05	0.0	0.0	2e-05	2e-05	2e-05	4e-05	0.0001	0.0001	8e-05	0.0001	0.0002	0.00014	0.00044	0.00066	0.00086	0.0022	0.0051	0.0197	0.0587	0.13972	0.19122	0.14788	0.0664	0.0209	0.00668	0.00204	0.0006	0.0002	4e-05	8e-05	6e-05	2e-05	0.0	0.0	0.0	0.0	0.0	0.0	0.0	0.0	0.0	0.0	
0.065281  900.0  1000.0  2e-05	0.0	0.0	0.0	0.0	0.0	0.0	0.0	2e-05	0.0	0.0	0.0	0.0	2e-05	4e-05	0.0	8e-05	0.0001	2e-05	6e-05	4e-05	0.00014	0.00012	0.00012	0.00012	0.00036	0.0008	0.00084	0.00184	0.00424	0.01522	0.04616	0.11588	0.1705	0.1599	0.09078	0.036	0.01228	0.00348	0.00106	0.00036	0.00012	0.00016	2e-05	4e-05	0.0	0.0	0.0	0.0	0.0	0.0	0.0	0.0	0.0	
0.059502  1000.0  1200.0  0.0	0.0	0.0	0.0	0.0	0.0	0.0	0.0	0.0	0.0	0.0	0.0	0.0	2e-05	0.0	0.0	0.0	0.0	6e-05	0.0	8e-05	8e-05	6e-05	6e-05	0.0002	0.0003	0.00016	0.00028	0.00072	0.00126	0.00384	0.01078	0.03226	0.07682	0.1318	0.15118	0.12132	0.07248	0.03236	0.01116	0.00368	0.00132	0.00014	0.0002	6e-05	6e-05	2e-05	4e-05	0.0	0.0	0.0	0.0	0.0	0.0	
0.020739  1200.0  1400.0  0.0	0.0	0.0	0.0	0.0	0.0	0.0	0.0	0.0	0.0	0.0	0.0	0.0	0.0	0.0	0.0	4e-05	0.0	0.0	6e-05	0.0	0.0	4e-05	8e-05	0.0001	8e-05	0.00014	0.00014	0.00034	0.00048	0.00098	0.00212	0.0057	0.015	0.03836	0.0777	0.11802	0.13368	0.11218	0.07016	0.03458	0.01412	0.00514	0.00258	0.00074	0.0002	6e-05	4e-05	2e-05	0.0	2e-05	2e-05	0.0	0.0	
0.007422  1400.0  1600.0  0.0	0.0	0.0	0.0	0.0	0.0	0.0	0.0	0.0	0.0	0.0	0.0	0.0	0.0	2e-05	0.0	2e-05	0.0	2e-05	2e-05	4e-05	4e-05	0.0	8e-05	6e-05	4e-05	0.0002	0.00014	0.00014	0.0002	0.0003	0.00118	0.0019	0.0046	0.01094	0.0253	0.05162	0.0868	0.11536	0.11598	0.09206	0.06028	0.03056	0.01316	0.00524	0.00196	0.00074	0.0002	6e-05	8e-05	4e-05	0.0	0.0	0.0	
0.002705  1600.0  1800.0  0.0	0.0	0.0	0.0	0.0	0.0	0.0	0.0	0.0	0.0	0.0	0.0	0.0	0.0	0.0	2e-05	0.0	0.0	2e-05	2e-05	4e-05	0.0	2e-05	2e-05	6e-05	4e-05	4e-05	8e-05	8e-05	0.00016	0.0002	0.00028	0.0011	0.00206	0.00438	0.0095	0.01968	0.04066	0.06858	0.09462	0.1058	0.09646	0.07174	0.045	0.02316	0.01062	0.00472	0.00144	0.00062	0.00028	8e-05	6e-05	0.0	0.0	
0.000994  1800.0  2000.0  0.0	0.0	2e-05	0.0	0.0	0.0	0.0	0.0	0.0	0.0	0.0	0.0	0.0	2e-05	2e-05	2e-05	0.0	2e-05	0.0	2e-05	0.0	0.0001	0.0	6e-05	0.0	4e-05	4e-05	2e-05	6e-05	0.00012	0.00016	0.00038	0.00058	0.00106	0.00212	0.00446	0.0098	0.01832	0.03596	0.05888	0.08232	0.09516	0.09092	0.0771	0.05054	0.03134	0.01574	0.00762	0.00272	0.0013	0.0006	0.0002	6e-05	2e-05	
0.000413  2000.0  2250.0  2e-05	0.0	0.0	0.0	0.0	0.0	0.0	0.0	0.0	0.0	0.0	2e-05	0.0	2e-05	0.0	0.0	0.0	0.0	0.0	0.0	0.0	0.0	2e-05	6e-05	8e-05	4e-05	0.0	2e-05	4e-05	0.0001	0.00012	0.00012	0.00042	0.00042	0.00132	0.00342	0.00522	0.01066	0.0187	0.03502	0.05242	0.06996	0.08312	0.08464	0.07426	0.05466	0.0385	0.02142	0.01144	0.00514	0.00244	0.00128	0.00046	0.00022	
0.000119  2250.0  2500.0  0.0	0.0	0.0	0.0	0.0	2e-05	0.0	0.0	0.0	0.0	0.0	0.0	0.0	0.0	0.0	0.0	0.0	0.0	0.0	0.0	0.0	0.0	0.0	4e-05	0.0	4e-05	6e-05	0.0	0.00014	0.0001	0.00014	0.00022	0.00054	0.00062	0.00116	0.00194	0.00296	0.00668	0.01086	0.01966	0.03098	0.04676	0.05906	0.07248	0.07302	0.06856	0.0553	0.04018	0.026	0.01554	0.00834	0.00372	0.00208	0.0008	
3.5e-05  2500.0  2750.0  0.0	0.0	0.0	0.0	0.0	0.0	0.0	0.0	2e-05	0.0	0.0	0.0	0.0	0.0	0.0	0.0	0.0	0.0	0.0	0.0	0.0	0.0	2e-05	2e-05	0.0	8e-05	8e-05	4e-05	8e-05	4e-05	8e-05	0.0003	0.0004	0.00062	0.00102	0.00172	0.00284	0.00518	0.0086	0.0139	0.02082	0.03144	0.04396	0.05428	0.06296	0.06492	0.05894	0.05292	0.03988	0.02726	0.01736	0.01012	0.00586	0.00324	
1.1e-05  2750.0  3000.0  0.0	0.0	0.0	0.0	0.0	0.0	0.0	0.0	0.0	0.0	0.0	0.0	0.0	0.0	0.0	0.0	0.0	0.0	0.0	0.0	0.0	0.0	2e-05	0.0	4e-05	4e-05	4e-05	2e-05	6e-05	0.00012	0.00016	0.00018	0.00046	0.00068	0.00138	0.0017	0.0029	0.00432	0.00702	0.01104	0.0163	0.02224	0.03174	0.04094	0.05068	0.05526	0.05578	0.0552	0.04586	0.03574	0.02756	0.01806	0.01248	0.00704	
5e-06  3000.0  3500.0  0.0	0.0	0.0	0.0	0.0	0.0	0.0	0.0	0.0	0.0	2e-05	0.0	0.0	0.0	0.0	0.0	0.0	2e-05	0.0	0.0	2e-05	0.0	2e-05	0.0	0.0	4e-05	8e-05	8e-05	0.00012	0.00012	0.00012	0.00028	0.00048	0.00068	0.00078	0.00184	0.00254	0.00404	0.00622	0.0082	0.01298	0.01674	0.0232	0.0314	0.03882	0.04418	0.04868	0.04944	0.04716	0.04122	0.03186	0.02614	0.01964	0.01346	
1e-06  3500.0  4000.0  0.0	0.0	0.0	0.0	0.0	0.0	0.0	0.0	0.0	0.0	0.0	0.0	0.0	0.0	0.0	0.0	0.0	0.0	0.0	0.0	0.0	0.0	0.0	0.0	0.0	2e-05	4e-05	8e-05	0.00012	0.0002	0.00012	0.0002	0.00036	0.00044	0.0006	0.00094	0.00162	0.00272	0.00426	0.00566	0.00808	0.01208	0.01618	0.0209	0.0275	0.03086	0.03816	0.04008	0.04024	0.04078	0.03802	0.0317	0.02752	0.02036	
0.0  4000.0  15000.0  0.0	2e-05	0.0	0.0	0.0	0.0	0.0	0.0	0.0	0.0	0.0	0.0	0.0	0.0	0.0	0.0	0.0	0.0	0.0	0.0	2e-05	0.0	2e-05	0.0	0.0	0.0	2e-05	4e-05	2e-05	6e-05	0.00016	0.0001	0.00028	0.00024	0.0004	0.00056	0.00104	0.00128	0.0023	0.00396	0.0052	0.00756	0.0113	0.01484	0.01974	0.0239	0.02922	0.03154	0.03616	0.03588	0.03728	0.03478	0.03094	0.02344	
