#===============
# ll~ : eve
# qq~ : cd~
# FF  : dipole
# XY  : LL LR RL RR
# coef : 0 0
# type : W*W
# Nevs : 50000
#===============
#
# XSEC	BIN_MIN	BIN_MAX 	 Kij 
#
2.8872  200.0  300.0  0.0	2e-05	0.0	4e-05	6e-05	0.00012	4e-05	8e-05	0.0001	0.00018	0.00054	0.00066	0.00098	0.00134	0.00278	0.00882	0.05454	0.14336	0.13574	0.11736	0.0999	0.08348	0.06124	0.00844	0.00116	0.00034	0.0001	2e-05	2e-05	0.0	0.0	0.0	0.0	0.0	0.0	0.0	0.0	0.0	0.0	0.0	0.0	0.0	0.0	0.0	0.0	0.0	0.0	0.0	0.0	0.0	0.0	0.0	0.0	0.0	0.0	0.0	0.0	0.0	0.0	0.0	0.0	0.0	0.0	0.0	0.0	
0.83398  300.0  400.0  0.0	0.0	0.0	0.0	4e-05	4e-05	2e-05	2e-05	0.0	2e-05	2e-05	4e-05	0.00012	0.00018	0.0004	0.00022	0.0004	0.0006	0.00094	0.00158	0.00242	0.00722	0.05346	0.18706	0.17616	0.14584	0.11442	0.02856	0.0021	0.00054	0.00014	8e-05	2e-05	0.0	0.0	0.0	0.0	0.0	0.0	0.0	0.0	0.0	0.0	0.0	0.0	0.0	0.0	0.0	0.0	0.0	0.0	0.0	0.0	0.0	0.0	0.0	0.0	0.0	0.0	0.0	0.0	0.0	0.0	0.0	0.0	
0.30344  400.0  500.0  2e-05	0.0	2e-05	0.0	0.0	0.0	0.0	0.0	0.0	2e-05	4e-05	4e-05	4e-05	6e-05	6e-05	6e-05	0.00014	0.0001	0.0001	0.00034	0.0001	0.00042	0.0005	0.00096	0.0019	0.0039	0.02398	0.19988	0.22354	0.17832	0.08028	0.0042	0.00074	0.00012	6e-05	4e-05	0.0	0.0	0.0	0.0	0.0	0.0	0.0	0.0	0.0	0.0	0.0	0.0	0.0	0.0	0.0	0.0	0.0	0.0	0.0	0.0	0.0	0.0	0.0	0.0	0.0	0.0	0.0	0.0	0.0	
0.12621  500.0  600.0  0.0	2e-05	0.0	2e-05	0.0	0.0	0.0	0.0	2e-05	4e-05	0.0	0.0	2e-05	0.0	4e-05	2e-05	6e-05	8e-05	0.0001	0.0001	0.00014	0.00016	0.00022	0.00024	0.00026	0.00054	0.0008	0.00128	0.00284	0.01016	0.15674	0.2687	0.21328	0.05356	0.00224	0.0003	4e-05	0.0	4e-05	0.0	0.0	0.0	0.0	0.0	0.0	0.0	0.0	0.0	0.0	0.0	0.0	0.0	0.0	0.0	0.0	0.0	0.0	0.0	0.0	0.0	0.0	0.0	0.0	0.0	0.0	
0.05694  600.0  700.0  0.0	0.0	0.0	0.0	0.0	0.0	0.0	0.0	0.0	0.0	2e-05	2e-05	2e-05	0.0	2e-05	0.0	8e-05	0.00012	8e-05	8e-05	0.00016	4e-05	8e-05	0.00022	0.0002	0.0002	0.00018	0.0003	0.00036	0.00076	0.0012	0.00302	0.01928	0.2615	0.28756	0.13406	0.0049	0.0005	0.00014	2e-05	0.0	0.0	0.0	0.0	0.0	0.0	0.0	0.0	0.0	0.0	0.0	0.0	0.0	0.0	0.0	0.0	0.0	0.0	0.0	0.0	0.0	0.0	0.0	0.0	0.0	
0.02747  700.0  800.0  0.0	0.0	0.0	0.0	0.0	0.0	0.0	0.0	2e-05	0.0	0.0	0.0	0.0	0.0	0.0	0.0	0.0	0.0	6e-05	8e-05	2e-05	6e-05	2e-05	0.0001	2e-05	4e-05	0.00016	0.00018	0.00022	0.00018	0.00038	0.00038	0.00108	0.00238	0.00864	0.1898	0.34262	0.15682	0.00404	0.00062	4e-05	0.0	0.0	0.0	0.0	0.0	0.0	0.0	0.0	0.0	0.0	0.0	0.0	0.0	0.0	0.0	0.0	0.0	0.0	0.0	0.0	0.0	0.0	0.0	0.0	
0.0138  800.0  900.0  0.0	0.0	0.0	0.0	0.0	0.0	0.0	0.0	0.0	0.0	0.0	0.0	0.0	0.0	0.0	0.0	2e-05	0.0	0.0	0.0	0.0	2e-05	2e-05	8e-05	0.0001	6e-05	0.0001	6e-05	0.00016	0.0002	0.00026	0.00028	0.00024	0.00058	0.00086	0.00206	0.00824	0.21488	0.37008	0.1079	0.00224	0.00036	4e-05	2e-05	0.0	0.0	0.0	0.0	0.0	0.0	0.0	0.0	0.0	0.0	0.0	0.0	0.0	0.0	0.0	0.0	0.0	0.0	0.0	0.0	0.0	
0.00716  900.0  1000.0  0.0	0.0	0.0	0.0	0.0	0.0	0.0	0.0	0.0	0.0	0.0	0.0	0.0	0.0	2e-05	0.0	0.0	0.0	0.0	2e-05	0.0	2e-05	4e-05	0.0	6e-05	8e-05	6e-05	2e-05	0.00014	2e-05	0.00014	0.00012	0.00022	0.00018	0.00042	0.00064	0.00084	0.00238	0.01456	0.33422	0.34568	0.01468	0.00078	6e-05	0.0	0.0	0.0	0.0	0.0	0.0	0.0	0.0	0.0	0.0	0.0	0.0	0.0	0.0	0.0	0.0	0.0	0.0	0.0	0.0	0.0	
0.00591  1000.0  1200.0  0.0	0.0	2e-05	0.0	0.0	0.0	0.0	0.0	0.0	0.0	0.0	0.0	0.0	0.0	0.0	0.0	0.0	0.0	0.0	0.0	6e-05	4e-05	4e-05	2e-05	2e-05	8e-05	0.0001	6e-05	6e-05	2e-05	0.0001	0.00014	4e-05	4e-05	0.00014	0.00032	0.00028	0.00054	0.00096	0.00256	0.05534	0.31392	0.22932	0.10614	0.00156	8e-05	2e-05	2e-05	0.0	0.0	0.0	0.0	0.0	0.0	0.0	0.0	0.0	0.0	0.0	0.0	0.0	0.0	0.0	0.0	0.0	
0.00177  1200.0  1400.0  0.0	0.0	0.0	0.0	0.0	0.0	2e-05	0.0	0.0	0.0	0.0	0.0	0.0	0.0	0.0	0.0	0.0	0.0	0.0	0.0	0.0	2e-05	6e-05	2e-05	4e-05	0.0	2e-05	0.0	0.0	0.0	2e-05	0.0001	6e-05	6e-05	6e-05	0.00012	0.00014	0.00016	0.00018	0.00022	0.00042	0.00106	0.00372	0.16316	0.33486	0.2028	0.0066	0.0002	2e-05	0.0	0.0	0.0	0.0	0.0	0.0	0.0	0.0	0.0	0.0	0.0	0.0	0.0	0.0	0.0	0.0	
0.00055  1400.0  1600.0  2e-05	0.0	2e-05	0.0	2e-05	0.0	0.0	0.0	0.0	0.0	0.0	0.0	0.0	0.0	2e-05	0.0	0.0	0.0	2e-05	0.0	0.0	0.0	2e-05	2e-05	6e-05	4e-05	4e-05	2e-05	0.0	2e-05	6e-05	2e-05	0.0001	4e-05	0.0001	0.0	2e-05	0.00016	8e-05	0.00018	0.00022	0.00014	0.00038	0.00064	0.00188	0.04916	0.41176	0.24808	0.00572	0.00012	0.0	0.0	0.0	0.0	0.0	0.0	0.0	0.0	0.0	0.0	0.0	0.0	0.0	0.0	0.0	
0.00017  1600.0  1800.0  0.0	0.0	0.0	0.0	0.0	0.0	0.0	0.0	0.0	0.0	0.0	0.0	0.0	0.0	0.0	0.0	0.0	0.0	0.0	0.0	0.0	0.0	0.0	0.0	2e-05	2e-05	4e-05	0.0	2e-05	0.0	2e-05	2e-05	6e-05	4e-05	6e-05	6e-05	4e-05	2e-05	6e-05	8e-05	0.00014	6e-05	0.00016	0.00018	0.00032	0.00056	0.0018	0.05966	0.45426	0.2083	0.00166	2e-05	0.0	2e-05	0.0	0.0	0.0	0.0	0.0	0.0	0.0	0.0	0.0	0.0	0.0	
5e-05  1800.0  2000.0  0.0	0.0	0.0	0.0	0.0	0.0	0.0	0.0	0.0	0.0	0.0	0.0	0.0	0.0	0.0	0.0	0.0	0.0	0.0	0.0	0.0	0.0	0.0	0.0	0.0	0.0	0.0	2e-05	4e-05	0.0	0.0	0.0	2e-05	2e-05	8e-05	2e-05	2e-05	6e-05	6e-05	4e-05	4e-05	4e-05	0.00016	8e-05	0.0001	0.0002	0.00036	0.00094	0.00206	0.18918	0.44138	0.0873	0.00018	0.0	0.0	0.0	0.0	0.0	0.0	0.0	0.0	0.0	0.0	0.0	0.0	
2e-05  2000.0  2250.0  0.0	0.0	0.0	0.0	0.0	0.0	0.0	0.0	0.0	0.0	0.0	0.0	0.0	0.0	2e-05	0.0	0.0	0.0	0.0	0.0	0.0	0.0	0.0	0.0	0.0	2e-05	0.0	2e-05	0.0	4e-05	4e-05	0.0	6e-05	2e-05	2e-05	2e-05	4e-05	0.0	8e-05	0.0	6e-05	0.0001	6e-05	8e-05	0.00014	0.00016	0.00012	0.00032	0.0004	0.0007	0.00802	0.38494	0.31378	0.01432	2e-05	0.0	0.0	0.0	0.0	0.0	0.0	0.0	0.0	0.0	0.0	
0.0  2250.0  2500.0  0.0	0.0	0.0	0.0	0.0	0.0	0.0	0.0	0.0	0.0	0.0	0.0	0.0	0.0	0.0	0.0	0.0	0.0	0.0	0.0	0.0	0.0	0.0	0.0	0.0	0.0	6e-05	2e-05	0.0	0.0	4e-05	6e-05	2e-05	0.0	2e-05	4e-05	2e-05	4e-05	2e-05	2e-05	0.0001	0.0	6e-05	6e-05	6e-05	6e-05	0.0001	8e-05	0.0001	0.00028	0.0003	0.00102	0.02356	0.50512	0.19226	0.00056	0.0	2e-05	0.0	0.0	0.0	0.0	0.0	0.0	0.0	
-0.0  2500.0  2750.0  0.0	0.0	0.0	0.0	0.0	0.0	0.0	0.0	0.0	0.0	0.0	0.0	0.0	0.0	0.0	0.0	0.0	0.0	0.0	0.0	2e-05	0.0	0.0	2e-05	0.0	0.0	0.0	0.0	0.0	2e-05	6e-05	0.0	2e-05	0.0	4e-05	2e-05	2e-05	2e-05	4e-05	2e-05	4e-05	0.0	4e-05	4e-05	6e-05	0.0001	0.00012	6e-05	4e-05	0.00012	0.00016	0.00034	0.00064	0.00206	0.2655	0.43572	0.01892	4e-05	0.0	0.0	0.0	0.0	0.0	0.0	0.0	
-0.0  2750.0  3000.0  0.0	0.0	0.0	0.0	0.0	0.0	0.0	0.0	0.0	0.0	0.0	0.0	0.0	0.0	0.0	2e-05	0.0	0.0	0.0	0.0	0.0	0.0	0.0	0.0	0.0	2e-05	4e-05	4e-05	0.0	0.0	0.0	2e-05	4e-05	2e-05	4e-05	2e-05	2e-05	4e-05	4e-05	4e-05	2e-05	4e-05	2e-05	6e-05	6e-05	6e-05	2e-05	0.0001	4e-05	0.0001	0.00024	0.0001	0.00022	0.00024	0.0008	0.02178	0.56482	0.13556	4e-05	0.0	0.0	0.0	0.0	0.0	0.0	
-0.0  3000.0  3500.0  0.0	0.0	0.0	0.0	0.0	0.0	0.0	0.0	0.0	0.0	0.0	0.0	0.0	0.0	0.0	0.0	0.0	0.0	0.0	0.0	0.0	0.0	0.0	0.0	0.0	0.0	0.0	2e-05	0.0	2e-05	2e-05	0.0	4e-05	2e-05	0.0	0.0	8e-05	0.0	2e-05	4e-05	2e-05	6e-05	2e-05	0.0	0.0	2e-05	8e-05	0.0001	0.0001	2e-05	8e-05	0.00012	0.00018	8e-05	0.00036	0.00034	0.0039	0.32626	0.3	0.09478	0.00014	0.0	0.0	0.0	0.0	
-0.0  3500.0  4000.0  0.0	0.0	0.0	0.0	0.0	0.0	0.0	0.0	0.0	0.0	0.0	0.0	0.0	0.0	0.0	2e-05	0.0	0.0	0.0	0.0	0.0	0.0	0.0	0.0	0.0	0.0	0.0	0.0	0.0	0.0	0.0	0.0	8e-05	0.0	0.0	0.0	0.0	8e-05	2e-05	0.0	2e-05	2e-05	6e-05	0.0001	6e-05	0.0	4e-05	6e-05	6e-05	2e-05	0.0	8e-05	6e-05	0.00012	0.00012	0.00014	0.0002	0.00042	0.00114	0.21006	0.39764	0.10966	4e-05	0.0	0.0	
0.0  4000.0  15000.0  0.0	0.0	0.0	0.0	0.0	0.0	0.0	0.0	0.0	0.0	0.0	0.0	0.0	0.0	0.0	0.0	0.0	0.0	0.0	2e-05	0.0	0.0	0.0	0.0	0.0	0.0	0.0	0.0	0.0	0.0	2e-05	0.0	0.0	0.0	0.0	0.0	0.0	0.0	8e-05	0.0	0.0	0.0	0.0	4e-05	2e-05	4e-05	0.0	2e-05	0.0	2e-05	4e-05	2e-05	6e-05	6e-05	2e-05	6e-05	8e-05	0.00012	6e-05	0.00018	0.00076	0.23168	0.37346	0.0961	0.01828	
