#===============
# ll~ : eve
# qq~ : bu~
# FF  : scalar
# XY  : LL LR RL RR
# coef : 0 0
# type : Reg*Reg
# Nevs : 50000
#===============
#
# XSEC	BIN_MIN	BIN_MAX 	 Kij 
#
11.9214  200.0  300.0  8e-05	2e-05	4e-05	6e-05	0.0001	2e-05	6e-05	0.00024	0.00018	0.00038	0.00084	0.00114	0.00142	0.00224	0.00416	0.01012	0.03916	0.0976	0.11438	0.11364	0.10914	0.10412	0.07482	0.01674	0.00402	0.0016	0.00056	0.00032	0.0001	0.00012	8e-05	4e-05	2e-05	0.0	0.0	0.0	0.0	0.0	0.0	0.0	0.0	0.0	0.0	0.0	0.0	0.0	0.0	0.0	0.0	0.0	0.0	0.0	0.0	0.0	0.0	0.0	0.0	0.0	0.0	0.0	0.0	0.0	0.0	0.0	0.0	
6.613  300.0  400.0  2e-05	2e-05	2e-05	2e-05	4e-05	8e-05	4e-05	6e-05	2e-05	0.0	8e-05	0.00012	0.00014	0.00028	0.00038	0.00038	0.00062	0.0007	0.00138	0.00188	0.00354	0.00926	0.04662	0.14724	0.1583	0.14992	0.13284	0.04088	0.00536	0.00148	0.00058	0.00024	0.00018	6e-05	6e-05	0.0	2e-05	0.0	0.0	0.0	0.0	0.0	0.0	0.0	0.0	0.0	0.0	0.0	0.0	0.0	0.0	0.0	0.0	0.0	0.0	0.0	0.0	0.0	0.0	0.0	0.0	0.0	0.0	0.0	0.0	
3.845  400.0  500.0  0.0	2e-05	2e-05	0.0	0.0	4e-05	0.0	0.0	4e-05	2e-05	4e-05	6e-05	2e-05	4e-05	0.00012	8e-05	8e-05	0.00014	0.00016	0.00036	0.00036	0.00088	0.00084	0.00156	0.00284	0.00676	0.02702	0.16428	0.20262	0.18338	0.09644	0.00852	0.00262	0.00096	0.0003	0.00016	4e-05	8e-05	4e-05	2e-05	0.0	0.0	0.0	0.0	0.0	0.0	0.0	0.0	0.0	0.0	0.0	0.0	0.0	0.0	0.0	0.0	0.0	0.0	0.0	0.0	0.0	0.0	0.0	0.0	0.0	
2.3208  500.0  600.0  0.0	2e-05	0.0	0.0	0.0	0.0	2e-05	0.0	0.0	2e-05	2e-05	0.0	0.0	0.0	4e-05	8e-05	0.0001	0.00012	0.0001	6e-05	0.00018	0.00018	0.00018	0.0003	0.00032	0.00044	0.00092	0.00184	0.00486	0.0141	0.13486	0.24374	0.21942	0.06672	0.00552	0.00136	0.00028	0.00018	0.0001	2e-05	0.0	0.0	2e-05	0.0	0.0	0.0	0.0	0.0	0.0	0.0	0.0	0.0	0.0	0.0	0.0	0.0	0.0	0.0	0.0	0.0	0.0	0.0	0.0	0.0	0.0	
1.43702  600.0  700.0  0.0	0.0	0.0	0.0	0.0	0.0	0.0	0.0	4e-05	0.0	0.0	0.0	0.0	2e-05	2e-05	2e-05	6e-05	6e-05	6e-05	0.0001	6e-05	6e-05	6e-05	0.00026	0.00012	0.0002	0.0002	0.00044	0.00064	0.00132	0.00198	0.00526	0.02274	0.21956	0.2799	0.14812	0.0101	0.0015	0.00052	0.00024	4e-05	2e-05	0.0	2e-05	0.0	0.0	0.0	0.0	0.0	0.0	0.0	0.0	0.0	0.0	0.0	0.0	0.0	0.0	0.0	0.0	0.0	0.0	0.0	0.0	0.0	
0.90552  700.0  800.0  0.0	0.0	0.0	0.0	0.0	0.0	0.0	0.0	0.0	0.0	0.0	0.0	4e-05	0.0	4e-05	0.0	2e-05	2e-05	4e-05	4e-05	6e-05	8e-05	8e-05	0.00014	0.00012	0.00018	8e-05	0.0002	0.0002	0.0003	0.00048	0.00062	0.00146	0.00304	0.01182	0.16682	0.32784	0.16982	0.0087	0.00142	0.00032	8e-05	6e-05	0.0	2e-05	0.0	0.0	0.0	0.0	0.0	0.0	0.0	0.0	0.0	0.0	0.0	0.0	0.0	0.0	0.0	0.0	0.0	0.0	0.0	0.0	
0.58064  800.0  900.0  0.0	0.0	0.0	2e-05	0.0	2e-05	0.0	0.0	0.0	0.0	0.0	0.0	0.0	0.0	0.0	2e-05	0.0	4e-05	0.0	8e-05	4e-05	2e-05	2e-05	8e-05	0.0002	0.0001	4e-05	0.00012	0.00022	0.00016	0.00024	0.00024	0.0006	0.00078	0.00118	0.00286	0.01174	0.18564	0.36386	0.12006	0.00544	0.00088	0.00022	0.0001	6e-05	2e-05	0.0	0.0	0.0	0.0	0.0	0.0	0.0	0.0	0.0	0.0	0.0	0.0	0.0	0.0	0.0	0.0	0.0	0.0	0.0	
0.37984  900.0  1000.0  0.0	0.0	0.0	0.0	0.0	0.0	0.0	2e-05	2e-05	0.0	0.0	2e-05	2e-05	0.0	0.0	0.0	0.0	2e-05	0.0	2e-05	4e-05	2e-05	4e-05	6e-05	2e-05	4e-05	8e-05	4e-05	8e-05	2e-05	0.00012	0.00014	0.00018	0.0004	0.0003	0.00062	0.0012	0.00342	0.01916	0.30786	0.3378	0.02298	0.0019	0.00036	6e-05	4e-05	2e-05	0.0	0.0	0.0	0.0	0.0	0.0	0.0	0.0	0.0	0.0	0.0	0.0	0.0	0.0	0.0	0.0	0.0	0.0	
0.41416  1000.0  1200.0  0.0	0.0	0.0	0.0	0.0	0.0	0.0	0.0	0.0	0.0	0.0	0.0	0.0	0.0	0.0	0.0	0.0	0.0	4e-05	0.0	0.0	0.0	0.0	2e-05	2e-05	2e-05	4e-05	2e-05	6e-05	8e-05	0.00012	4e-05	8e-05	0.0002	0.00016	0.00034	0.00036	0.00068	0.00122	0.0039	0.05572	0.28068	0.24068	0.11972	0.00386	0.00058	8e-05	2e-05	0.0	2e-05	0.0	0.0	0.0	0.0	0.0	0.0	0.0	0.0	0.0	0.0	0.0	0.0	0.0	0.0	0.0	
0.18265  1200.0  1400.0  0.0	0.0	0.0	0.0	0.0	0.0	0.0	0.0	0.0	0.0	0.0	0.0	0.0	0.0	2e-05	0.0	0.0	2e-05	4e-05	4e-05	0.0	0.0	2e-05	4e-05	0.0	0.0	4e-05	2e-05	4e-05	6e-05	8e-05	0.00012	0.00012	0.00016	0.0001	4e-05	0.00012	8e-05	0.00014	0.00028	0.00062	0.00122	0.00498	0.1516	0.32136	0.22224	0.0108	0.00054	6e-05	2e-05	0.0	0.0	0.0	0.0	0.0	0.0	0.0	0.0	0.0	0.0	0.0	0.0	0.0	0.0	0.0	
0.08206  1400.0  1600.0  0.0	0.0	0.0	0.0	0.0	0.0	0.0	0.0	2e-05	0.0	0.0	0.0	0.0	0.0	0.0	0.0	2e-05	0.0	0.0	2e-05	0.0	0.0	4e-05	2e-05	0.0	4e-05	0.0	0.0	6e-05	2e-05	4e-05	6e-05	6e-05	8e-05	0.00012	8e-05	4e-05	0.00014	6e-05	0.00018	0.0002	0.00034	0.00038	0.00086	0.00256	0.05558	0.37908	0.26492	0.0109	0.00034	0.0	0.0	0.0	0.0	0.0	0.0	0.0	0.0	0.0	0.0	0.0	0.0	0.0	0.0	0.0	
0.03731  1600.0  1800.0  0.0	0.0	0.0	0.0	0.0	0.0	0.0	0.0	0.0	0.0	0.0	0.0	0.0	2e-05	0.0	0.0	0.0	0.0	0.0	0.0	2e-05	0.0	0.0	2e-05	6e-05	2e-05	2e-05	0.0	2e-05	0.0	2e-05	2e-05	0.0	2e-05	4e-05	0.0001	0.0001	6e-05	8e-05	0.0001	8e-05	8e-05	0.00016	0.00018	0.00036	0.00072	0.00242	0.06016	0.42572	0.2246	0.00308	0.00022	4e-05	0.0	0.0	0.0	0.0	0.0	0.0	0.0	0.0	0.0	0.0	0.0	0.0	
0.01702  1800.0  2000.0  0.0	0.0	0.0	0.0	0.0	0.0	0.0	0.0	0.0	0.0	0.0	0.0	0.0	0.0	0.0	0.0	0.0	0.0	0.0	0.0	0.0	2e-05	0.0	0.0	2e-05	2e-05	0.0	4e-05	2e-05	2e-05	0.0	4e-05	6e-05	6e-05	0.0	2e-05	6e-05	2e-05	6e-05	6e-05	0.0001	8e-05	4e-05	0.00012	0.00016	0.00012	0.00034	0.00066	0.00248	0.18208	0.4356	0.09602	0.00046	2e-05	0.0	0.0	0.0	0.0	0.0	0.0	0.0	0.0	0.0	0.0	0.0	
0.00894  2000.0  2250.0  0.0	0.0	0.0	0.0	0.0	0.0	0.0	0.0	0.0	0.0	0.0	2e-05	0.0	0.0	0.0	0.0	2e-05	0.0	0.0	0.0	4e-05	0.0	0.0	0.0	0.0	0.0	0.0	0.0	0.0	0.0	4e-05	4e-05	2e-05	2e-05	6e-05	2e-05	2e-05	0.0001	4e-05	4e-05	2e-05	8e-05	4e-05	0.00012	0.00014	4e-05	0.00012	0.00038	0.0003	0.0011	0.00948	0.36356	0.32584	0.01994	0.0002	0.0	0.0	0.0	0.0	0.0	0.0	0.0	0.0	0.0	0.0	
0.00335  2250.0  2500.0  0.0	0.0	0.0	0.0	0.0	0.0	0.0	0.0	0.0	0.0	0.0	0.0	0.0	0.0	0.0	0.0	0.0	0.0	0.0	0.0	0.0	0.0	0.0	0.0	0.0	0.0	0.0	0.0	0.0	0.0	4e-05	6e-05	8e-05	4e-05	2e-05	0.0	2e-05	4e-05	0.0	4e-05	6e-05	6e-05	2e-05	6e-05	4e-05	2e-05	0.00014	6e-05	0.0001	0.00034	0.00046	0.00112	0.02656	0.48174	0.20514	0.00114	4e-05	0.0	0.0	0.0	0.0	0.0	0.0	0.0	0.0	
0.00126  2500.0  2750.0  0.0	0.0	0.0	0.0	0.0	0.0	0.0	0.0	0.0	0.0	0.0	0.0	0.0	0.0	0.0	0.0	0.0	0.0	0.0	0.0	0.0	0.0	0.0	2e-05	0.0	0.0	0.0	0.0	2e-05	2e-05	4e-05	0.0	0.0	2e-05	2e-05	2e-05	6e-05	0.0	4e-05	2e-05	4e-05	2e-05	4e-05	2e-05	6e-05	2e-05	6e-05	4e-05	0.0002	0.00012	0.00024	0.00028	0.0006	0.00228	0.2637	0.43142	0.02122	8e-05	0.0	0.0	0.0	0.0	0.0	0.0	0.0	
0.00047  2750.0  3000.0  0.0	0.0	0.0	0.0	0.0	0.0	0.0	0.0	0.0	0.0	0.0	0.0	0.0	0.0	0.0	0.0	0.0	0.0	0.0	0.0	0.0	0.0	0.0	0.0	0.0	0.0	0.0	0.0	2e-05	0.0	0.0	0.0	0.0	0.0	2e-05	4e-05	4e-05	6e-05	4e-05	0.0	2e-05	4e-05	2e-05	8e-05	0.0	4e-05	6e-05	0.00014	0.00012	0.0001	0.00018	0.0002	0.00036	0.00038	0.00102	0.0254	0.56268	0.1331	0.00012	0.0	0.0	0.0	0.0	0.0	0.0	
0.00025  3000.0  3500.0  0.0	0.0	0.0	0.0	0.0	0.0	0.0	0.0	0.0	0.0	0.0	0.0	0.0	0.0	0.0	0.0	0.0	0.0	0.0	0.0	0.0	0.0	0.0	0.0	0.0	0.0	0.0	0.0	0.0	2e-05	0.0	0.0	2e-05	2e-05	2e-05	4e-05	4e-05	4e-05	2e-05	0.0	0.0	4e-05	0.0	6e-05	6e-05	2e-05	6e-05	6e-05	8e-05	6e-05	0.0001	8e-05	0.00012	0.00016	0.00022	0.00054	0.0046	0.34004	0.28478	0.0934	0.00014	0.0	0.0	0.0	0.0	
4e-05  3500.0  4000.0  0.0	0.0	0.0	0.0	0.0	0.0	0.0	0.0	0.0	0.0	0.0	0.0	0.0	0.0	0.0	0.0	0.0	0.0	0.0	0.0	0.0	0.0	0.0	0.0	0.0	0.0	0.0	0.0	0.0	0.0	4e-05	0.0	4e-05	2e-05	2e-05	4e-05	2e-05	2e-05	2e-05	4e-05	2e-05	4e-05	0.0	2e-05	4e-05	6e-05	2e-05	2e-05	4e-05	2e-05	8e-05	8e-05	6e-05	8e-05	8e-05	0.00014	0.00022	0.00032	0.00132	0.23262	0.37564	0.11474	2e-05	0.0	0.0	
1e-05  4000.0  15000.0  0.0	0.0	0.0	0.0	0.0	0.0	0.0	0.0	0.0	0.0	0.0	0.0	0.0	0.0	0.0	0.0	0.0	0.0	0.0	0.0	0.0	0.0	0.0	0.0	0.0	0.0	0.0	0.0	0.0	0.0	2e-05	2e-05	0.0	2e-05	0.0	0.0	0.0	0.0	0.0	2e-05	0.0	6e-05	0.0	2e-05	0.0	4e-05	2e-05	6e-05	0.0	4e-05	4e-05	2e-05	2e-05	2e-05	2e-05	2e-05	6e-05	0.00014	0.00012	0.00034	0.00106	0.24066	0.34732	0.1068	0.0243	
