#===============
# Experiment : ATLAS
# Search : 1906_05609
# ll~ : eve
# qq~ : us~
# FF  : vector
# XY  :  LL RR
# coef : 0 0
# type : W*W
# Nevs : 50000
#===============
#
# XSEC	BIN_MIN	BIN_MAX 	 Kij 
# 130.0 138.982 148.585 158.852 169.828 181.562 194.107 207.519 221.857 237.186 253.575 271.095 289.827 309.852 331.261 354.15 378.62 404.781 432.749 462.65 494.616 528.792 565.329 604.39 646.15 690.796 738.526 789.555 844.109 902.433 964.786 1031.45 1102.72 1178.91 1260.36 1347.45 1440.55 1540.09 1646.5 1760.26 1881.89 2011.92 2150.93 2299.55 2458.43 2628.3 2809.9 3004.05 3211.62 3433.52 3670.76 3924.39 4195.55 4485.44 4795.36 5126.69 5480.92 5859.63 6264.5 6697.34 7160.09 7654.82 8183.73 8749.18 9353.71 10000.0 
0.33728  200.0  300.0  4e-05	8e-05	8e-05	2e-05	8e-05	0.00014	6e-05	0.00016	0.0003	0.00044	0.00044	0.00108	0.00158	0.0026	0.00424	0.01098	0.05848	0.14256	0.12842	0.10922	0.08666	0.06484	0.0433	0.0074	0.00158	0.00066	0.0002	8e-05	4e-05	4e-05	4e-05	2e-05	0.0	0.0	0.0	0.0	0.0	0.0	0.0	0.0	2e-05	0.0	0.0	0.0	0.0	0.0	0.0	0.0	0.0	0.0	0.0	0.0	0.0	0.0	0.0	0.0	0.0	0.0	0.0	0.0	0.0	0.0	0.0	0.0	0.0	
0.060468  300.0  400.0  0.0	0.0	8e-05	2e-05	4e-05	0.0	4e-05	4e-05	2e-05	4e-05	4e-05	0.00012	0.00022	0.00028	0.0003	0.0004	0.00046	0.00084	0.00116	0.00192	0.00364	0.00978	0.05794	0.18302	0.16728	0.13428	0.09558	0.02466	0.00304	0.00084	0.00036	6e-05	0.00012	2e-05	2e-05	4e-05	0.0	0.0	0.0	0.0	0.0	0.0	0.0	0.0	0.0	0.0	0.0	0.0	0.0	0.0	0.0	0.0	0.0	0.0	0.0	0.0	0.0	0.0	0.0	0.0	0.0	0.0	0.0	0.0	0.0	
0.016111  400.0  500.0  0.0	2e-05	0.0	0.0	2e-05	2e-05	0.0	4e-05	0.0	2e-05	0.0	8e-05	2e-05	0.0	8e-05	0.00026	0.00014	0.00032	0.00034	0.0003	0.00052	0.00044	0.0009	0.0016	0.00276	0.00628	0.02726	0.19896	0.20942	0.16074	0.0723	0.0054	0.00154	0.00064	0.00024	0.0002	4e-05	2e-05	4e-05	0.0	0.0	0.0	0.0	0.0	0.0	0.0	0.0	0.0	0.0	0.0	0.0	0.0	0.0	0.0	0.0	0.0	0.0	0.0	0.0	0.0	0.0	0.0	0.0	0.0	0.0	
0.005364  500.0  600.0  0.0	2e-05	2e-05	2e-05	0.0	0.0	2e-05	0.0	2e-05	0.0	2e-05	2e-05	0.0	2e-05	2e-05	2e-05	2e-05	0.00014	8e-05	0.00018	0.00026	0.00022	0.00026	0.00036	0.00058	0.00064	0.00114	0.00226	0.00436	0.01358	0.15664	0.25798	0.19394	0.05128	0.00362	0.00116	0.00032	8e-05	4e-05	4e-05	0.0	0.0	0.0	0.0	0.0	0.0	0.0	0.0	0.0	0.0	0.0	0.0	0.0	0.0	0.0	0.0	0.0	0.0	0.0	0.0	0.0	0.0	0.0	0.0	0.0	
0.002062  600.0  700.0  0.0	2e-05	0.0	0.0	2e-05	0.0	0.0	0.0	0.0	2e-05	0.0	0.0	6e-05	0.0	0.0	2e-05	6e-05	6e-05	8e-05	2e-05	0.00012	0.00012	0.00014	8e-05	0.0002	0.00022	0.00032	0.00064	0.00058	0.00112	0.00176	0.00512	0.02284	0.2514	0.27578	0.12314	0.00708	0.00126	0.00032	0.00024	4e-05	4e-05	0.0	2e-05	2e-05	2e-05	0.0	0.0	0.0	0.0	0.0	0.0	0.0	0.0	0.0	0.0	0.0	0.0	0.0	0.0	0.0	0.0	0.0	0.0	0.0	
0.000873  700.0  800.0  0.0	0.0	0.0	0.0	2e-05	0.0	0.0	2e-05	2e-05	0.0	0.0	0.0	0.0	2e-05	0.0	0.0	4e-05	0.0	6e-05	2e-05	2e-05	4e-05	6e-05	6e-05	0.00016	0.00014	0.00016	0.0002	0.0003	0.00054	0.00056	0.0007	0.00168	0.0036	0.01142	0.18826	0.3284	0.14902	0.00688	0.0013	0.00042	0.00012	0.0	0.0	0.0	0.0	0.0	0.0	0.0	0.0	0.0	0.0	0.0	0.0	0.0	0.0	0.0	0.0	0.0	0.0	0.0	0.0	0.0	0.0	0.0	
0.000399  800.0  900.0  0.0	0.0	0.0	0.0	2e-05	0.0	0.0	0.0	0.0	0.0	0.0	0.0	2e-05	0.0	0.0	0.0	2e-05	4e-05	0.0	0.0	6e-05	4e-05	4e-05	0.0001	8e-05	6e-05	8e-05	4e-05	8e-05	0.0002	0.00022	0.0004	0.0004	0.00086	0.00142	0.00296	0.01112	0.21256	0.36284	0.10226	0.00424	0.0008	0.00018	0.0	4e-05	0.0	2e-05	0.0	0.0	0.0	0.0	0.0	0.0	0.0	0.0	0.0	0.0	0.0	0.0	0.0	0.0	0.0	0.0	0.0	0.0	
0.000193  900.0  1000.0  0.0	0.0	0.0	0.0	0.0	0.0	2e-05	0.0	0.0	0.0	0.0	0.0	2e-05	0.0	0.0	0.0	0.0	0.0	0.0	0.0	2e-05	2e-05	0.00012	2e-05	0.0	4e-05	0.00012	0.00014	6e-05	0.0001	0.00012	0.0002	0.00024	0.00032	0.00042	0.00076	0.00128	0.00374	0.01864	0.33174	0.32872	0.01878	0.00152	0.00054	0.00018	4e-05	2e-05	2e-05	0.0	0.0	0.0	0.0	0.0	0.0	0.0	0.0	0.0	0.0	0.0	0.0	0.0	0.0	0.0	0.0	0.0	
0.000148  1000.0  1200.0  0.0	0.0	0.0	0.0	0.0	0.0	0.0	0.0	0.0	0.0	0.0	0.0	0.0	0.0	0.0	2e-05	0.0	0.0	0.0	0.0	0.0	4e-05	4e-05	4e-05	0.00012	6e-05	0.0	4e-05	8e-05	4e-05	4e-05	8e-05	0.00024	0.0002	0.00016	0.00024	0.00046	0.00048	0.00168	0.00384	0.05786	0.30906	0.2267	0.1043	0.00268	0.00052	4e-05	2e-05	0.0	0.0	0.0	0.0	0.0	0.0	0.0	0.0	0.0	0.0	0.0	0.0	0.0	0.0	0.0	0.0	0.0	
4.2e-05  1200.0  1400.0  0.0	0.0	0.0	0.0	0.0	0.0	0.0	0.0	0.0	0.0	0.0	0.0	0.0	0.0	0.0	0.0	0.0	0.0	0.0	0.0	0.0	2e-05	0.0	2e-05	2e-05	2e-05	0.0001	2e-05	2e-05	6e-05	2e-05	6e-05	0.00012	0.0001	0.00012	0.0001	0.00012	0.0003	0.00028	0.00036	0.00064	0.0015	0.00606	0.16382	0.33134	0.19908	0.00898	0.00052	6e-05	6e-05	2e-05	0.0	0.0	0.0	0.0	0.0	0.0	0.0	0.0	0.0	0.0	0.0	0.0	0.0	0.0	
1.3e-05  1400.0  1600.0  0.0	0.0	0.0	0.0	2e-05	0.0	0.0	0.0	2e-05	0.0	0.0	0.0	0.0	0.0	0.0	0.0	2e-05	2e-05	0.0	0.0	0.0	0.0	2e-05	2e-05	2e-05	0.0	2e-05	4e-05	4e-05	4e-05	0.0	0.0	4e-05	0.00014	2e-05	4e-05	8e-05	8e-05	8e-05	0.00018	0.0002	0.00032	0.0006	0.00084	0.0029	0.05998	0.4012	0.24254	0.00878	0.00046	4e-05	0.0001	2e-05	0.0	0.0	0.0	0.0	0.0	0.0	0.0	0.0	0.0	0.0	0.0	0.0	
4e-06  1600.0  1800.0  0.0	0.0	0.0	0.0	0.0	2e-05	0.0	0.0	0.0	0.0	0.0	0.0	0.0	0.0	0.0	0.0	0.0	0.0	0.0	0.0	2e-05	0.0	0.0	2e-05	2e-05	0.0	8e-05	0.0	2e-05	8e-05	6e-05	8e-05	4e-05	0.0	0.0	6e-05	6e-05	8e-05	4e-05	0.0001	0.00014	4e-05	0.00014	0.00016	0.00038	0.00064	0.00242	0.0614	0.44568	0.20512	0.00236	0.00018	2e-05	0.0	0.0	0.0	0.0	0.0	0.0	0.0	0.0	0.0	0.0	0.0	0.0	
1e-06  1800.0  2000.0  0.0	0.0	2e-05	0.0	0.0	0.0	0.0	0.0	0.0	0.0	0.0	0.0	0.0	0.0	0.0	0.0	0.0	0.0	0.0	0.0	0.0	2e-05	0.0	6e-05	0.0	2e-05	2e-05	4e-05	2e-05	2e-05	2e-05	8e-05	2e-05	4e-05	6e-05	6e-05	2e-05	0.00014	2e-05	8e-05	0.0001	0.0001	0.00016	0.00012	0.00014	0.00032	0.00034	0.00098	0.00332	0.19306	0.4353	0.08406	0.00054	0.00012	0.0	0.0	0.0	0.0	0.0	0.0	0.0	0.0	0.0	0.0	0.0	
1e-06  2000.0  2250.0  0.0	0.0	0.0	0.0	0.0	0.0	0.0	0.0	0.0	0.0	0.0	0.0	0.0	0.0	0.0	0.0	0.0	0.0	0.0	0.0	0.0	0.0	0.0	2e-05	4e-05	4e-05	0.0	2e-05	2e-05	0.0	0.0	4e-05	0.0	6e-05	6e-05	0.0	4e-05	6e-05	6e-05	0.0001	4e-05	0.0001	6e-05	0.00018	0.00016	0.00018	0.00018	0.00028	0.00042	0.00138	0.01004	0.3817	0.31018	0.0155	6e-05	4e-05	0.0	0.0	0.0	0.0	0.0	0.0	0.0	0.0	0.0	
0.0  2250.0  2500.0  0.0	2e-05	0.0	0.0	0.0	0.0	0.0	0.0	0.0	0.0	0.0	0.0	0.0	0.0	0.0	0.0	0.0	2e-05	0.0	0.0	0.0	2e-05	0.0	0.0	0.0	0.0	0.0	0.0	2e-05	0.0	2e-05	2e-05	0.0	2e-05	0.0	4e-05	4e-05	2e-05	4e-05	0.0001	8e-05	6e-05	8e-05	8e-05	0.0001	6e-05	6e-05	0.00022	0.00022	0.00026	0.00042	0.00158	0.02644	0.50106	0.19058	0.00062	2e-05	0.0	0.0	0.0	0.0	0.0	0.0	0.0	0.0	
0.0  2500.0  2750.0  0.0	0.0	0.0	0.0	0.0	0.0	0.0	0.0	0.0	0.0	0.0	0.0	0.0	0.0	0.0	0.0	0.0	0.0	0.0	0.0	2e-05	0.0	0.0	0.0	0.0	0.0	2e-05	2e-05	2e-05	0.0	0.0	2e-05	2e-05	2e-05	2e-05	4e-05	6e-05	4e-05	0.0	4e-05	4e-05	0.0001	4e-05	4e-05	2e-05	0.0001	4e-05	0.00012	0.0001	0.0002	0.0001	0.00036	0.0009	0.00256	0.26172	0.43482	0.01908	0.00012	0.0	0.0	0.0	0.0	0.0	0.0	0.0	
0.0  2750.0  3000.0  0.0	0.0	0.0	0.0	0.0	0.0	0.0	0.0	0.0	0.0	2e-05	0.0	0.0	0.0	0.0	0.0	0.0	0.0	0.0	0.0	0.0	0.0	0.0	0.0	0.0	0.0	2e-05	0.0	0.0	0.0	2e-05	2e-05	6e-05	4e-05	4e-05	4e-05	4e-05	4e-05	4e-05	4e-05	6e-05	4e-05	2e-05	6e-05	2e-05	0.0	4e-05	8e-05	6e-05	0.0001	0.00024	0.00022	0.0004	0.00046	0.00084	0.0234	0.57406	0.12562	2e-05	0.0	0.0	0.0	0.0	0.0	0.0	
0.0  3000.0  3500.0  0.0	0.0	0.0	0.0	0.0	0.0	0.0	0.0	0.0	0.0	0.0	0.0	0.0	0.0	2e-05	0.0	0.0	0.0	0.0	0.0	0.0	2e-05	2e-05	0.0	0.0	0.0	0.0	0.0	2e-05	0.0	0.0	2e-05	0.0	2e-05	2e-05	2e-05	4e-05	0.0	4e-05	0.00014	2e-05	4e-05	8e-05	4e-05	2e-05	2e-05	6e-05	0.00014	6e-05	0.0001	2e-05	0.00012	0.00014	0.00028	0.0003	0.00062	0.0046	0.3443	0.2804	0.0918	6e-05	0.0	0.0	0.0	0.0	
0.0  3500.0  4000.0  0.0	0.0	0.0	0.0	0.0	0.0	0.0	0.0	0.0	0.0	0.0	0.0	0.0	0.0	2e-05	0.0	0.0	0.0	0.0	0.0	0.0	0.0	0.0	0.0	0.0	0.0	0.0	0.0	0.0	0.0	0.0	2e-05	2e-05	0.0	0.0	8e-05	4e-05	0.0	2e-05	4e-05	4e-05	4e-05	8e-05	2e-05	4e-05	2e-05	2e-05	0.00012	2e-05	8e-05	2e-05	4e-05	0.00012	8e-05	0.00012	0.00016	0.0002	0.00058	0.00144	0.20542	0.39622	0.11612	4e-05	0.0	0.0	
0.0  4000.0  15000.0  0.0	0.0	0.0	0.0	0.0	0.0	0.0	0.0	0.0	0.0	0.0	0.0	0.0	0.0	0.0	0.0	0.0	0.0	0.0	2e-05	0.0	0.0	0.0	0.0	0.0	0.0	0.0	0.0	0.0	0.0	6e-05	0.0	0.0	2e-05	0.0	2e-05	0.0	6e-05	2e-05	0.0	2e-05	4e-05	6e-05	2e-05	2e-05	0.0	8e-05	2e-05	4e-05	2e-05	0.0	2e-05	4e-05	2e-05	2e-05	0.0001	8e-05	6e-05	0.00034	0.00022	0.00142	0.22132	0.37772	0.10084	0.01816	
