#===============
# ll~ : eve
# qq~ : ud~
# FF  : vector
# XY  : LR RL  
# coef : 0 0
# type : W*W
# Nevs : 50000
#===============
#
# XSEC	BIN_MIN	BIN_MAX 	 Kij 
#
0.10901  200.0  300.0  0.0	6e-05	4e-05	0.00012	4e-05	2e-05	6e-05	8e-05	0.00012	0.0003	0.00042	0.00082	0.00088	0.00134	0.00272	0.008	0.04856	0.12914	0.11976	0.09958	0.0777	0.06076	0.0415	0.00566	0.001	0.00026	0.00024	2e-05	0.0	0.0	0.0	0.0	0.0	0.0	0.0	0.0	0.0	0.0	0.0	0.0	0.0	0.0	0.0	0.0	0.0	0.0	0.0	0.0	0.0	0.0	0.0	0.0	0.0	0.0	0.0	0.0	0.0	0.0	0.0	0.0	0.0	0.0	0.0	0.0	0.0	
0.02108  300.0  400.0  4e-05	0.0	0.0	0.0	6e-05	4e-05	4e-05	6e-05	6e-05	2e-05	6e-05	4e-05	0.00016	0.00026	0.00018	0.00028	0.0004	0.0006	0.00086	0.00152	0.00234	0.00606	0.04836	0.1762	0.15482	0.1226	0.09228	0.02176	0.0018	0.00042	8e-05	4e-05	6e-05	0.0	0.0	0.0	0.0	0.0	0.0	0.0	0.0	0.0	0.0	0.0	0.0	0.0	0.0	0.0	0.0	0.0	0.0	0.0	0.0	0.0	0.0	0.0	0.0	0.0	0.0	0.0	0.0	0.0	0.0	0.0	0.0	
0.00602  400.0  500.0  2e-05	0.0	0.0	0.0	0.0	0.0	2e-05	0.0	4e-05	0.0	6e-05	4e-05	2e-05	8e-05	8e-05	8e-05	0.0001	0.00016	0.00016	0.00022	0.00042	0.00052	0.00088	0.00072	0.00186	0.00412	0.02122	0.18736	0.20196	0.15546	0.0698	0.0041	0.00076	0.00028	0.0001	0.0	2e-05	0.0	0.0	0.0	2e-05	0.0	0.0	0.0	0.0	0.0	0.0	0.0	0.0	0.0	0.0	0.0	0.0	0.0	0.0	0.0	0.0	0.0	0.0	0.0	0.0	0.0	0.0	0.0	0.0	
0.00213  500.0  600.0  0.0	0.0	0.0	0.0	4e-05	0.0	2e-05	0.0	2e-05	0.0	0.0	0.0	2e-05	2e-05	4e-05	2e-05	8e-05	2e-05	8e-05	6e-05	0.00016	0.00012	8e-05	0.00028	0.0004	0.00048	0.0008	0.00138	0.0029	0.01042	0.14938	0.2494	0.1865	0.04702	0.00254	0.00056	0.00022	8e-05	0.0	0.0	0.0	0.0	0.0	0.0	0.0	0.0	0.0	0.0	0.0	0.0	0.0	0.0	0.0	0.0	0.0	0.0	0.0	0.0	0.0	0.0	0.0	0.0	0.0	0.0	0.0	
0.00086  600.0  700.0  0.0	0.0	0.0	0.0	0.0	2e-05	0.0	0.0	0.0	0.0	0.0	0.0	0.0	0.0	4e-05	2e-05	0.0	0.0001	2e-05	0.0001	4e-05	0.00012	0.00016	6e-05	0.00032	0.00028	0.0003	0.0002	0.0005	0.00084	0.0012	0.0033	0.0175	0.2425	0.26422	0.11942	0.00458	0.00094	0.00014	6e-05	2e-05	2e-05	0.0	0.0	0.0	0.0	0.0	0.0	0.0	0.0	0.0	0.0	0.0	0.0	0.0	0.0	0.0	0.0	0.0	0.0	0.0	0.0	0.0	0.0	0.0	
0.00038  700.0  800.0  0.0	0.0	0.0	0.0	0.0	0.0	0.0	0.0	0.0	0.0	0.0	2e-05	0.0	2e-05	0.0	2e-05	0.0	4e-05	6e-05	6e-05	0.0	4e-05	0.00022	0.0001	8e-05	0.00014	0.00018	0.00014	0.00022	0.00026	0.00034	0.00064	0.00108	0.00254	0.0081	0.1809	0.31474	0.14672	0.00496	0.0005	0.00022	2e-05	0.0	0.0	0.0	0.0	0.0	0.0	0.0	0.0	0.0	0.0	0.0	0.0	0.0	0.0	0.0	0.0	0.0	0.0	0.0	0.0	0.0	0.0	0.0	
0.00018  800.0  900.0  2e-05	0.0	0.0	0.0	0.0	0.0	0.0	0.0	0.0	0.0	0.0	0.0	2e-05	0.0	0.0	0.0	2e-05	0.0	2e-05	6e-05	4e-05	2e-05	0.0	0.0	4e-05	0.0001	0.0001	6e-05	4e-05	0.00026	0.00022	0.00014	0.00036	0.00058	0.00074	0.002	0.00842	0.20074	0.35062	0.09972	0.00274	0.00038	0.0001	2e-05	0.0	0.0	0.0	0.0	0.0	0.0	0.0	0.0	0.0	0.0	0.0	0.0	0.0	0.0	0.0	0.0	0.0	0.0	0.0	0.0	0.0	
9e-05  900.0  1000.0  0.0	0.0	0.0	0.0	0.0	0.0	0.0	0.0	0.0	2e-05	2e-05	2e-05	0.0	2e-05	0.0	0.0	0.0	0.0	2e-05	6e-05	6e-05	0.0	0.0	2e-05	2e-05	6e-05	0.00012	8e-05	4e-05	6e-05	0.00012	0.00012	0.00024	0.0003	0.00028	0.00066	0.00094	0.00256	0.01468	0.31662	0.32146	0.0152	0.001	0.00016	4e-05	0.0	0.0	0.0	0.0	0.0	0.0	0.0	0.0	0.0	0.0	0.0	0.0	0.0	0.0	0.0	0.0	0.0	0.0	0.0	0.0	
7e-05  1000.0  1200.0  0.0	0.0	0.0	0.0	0.0	0.0	2e-05	0.0	0.0	0.0	0.0	0.0	0.0	2e-05	4e-05	0.0	0.0	0.0	2e-05	0.0	2e-05	4e-05	6e-05	2e-05	8e-05	6e-05	2e-05	2e-05	8e-05	2e-05	4e-05	0.0001	8e-05	0.00012	0.0001	0.00012	0.00038	0.00038	0.00088	0.00282	0.05542	0.30436	0.2187	0.09822	0.00182	0.00012	2e-05	0.0	0.0	0.0	0.0	0.0	0.0	0.0	0.0	0.0	0.0	0.0	0.0	0.0	0.0	0.0	0.0	0.0	0.0	
2e-05  1200.0  1400.0  0.0	0.0	0.0	0.0	0.0	0.0	0.0	0.0	0.0	0.0	0.0	0.0	0.0	0.0	0.0	0.0	0.0	0.0	0.0	0.0	0.0	0.0	2e-05	2e-05	6e-05	0.0001	4e-05	6e-05	2e-05	2e-05	2e-05	0.0	8e-05	4e-05	6e-05	2e-05	0.0001	0.0001	0.00022	0.00016	0.00058	0.001	0.00438	0.1597	0.32698	0.1998	0.0074	0.00026	4e-05	0.0	0.0	0.0	0.0	0.0	0.0	0.0	0.0	0.0	0.0	0.0	0.0	0.0	0.0	0.0	0.0	
1e-05  1400.0  1600.0  0.0	0.0	0.0	0.0	0.0	0.0	0.0	0.0	0.0	0.0	0.0	0.0	0.0	0.0	0.0	0.0	0.0	0.0	0.0	0.0	0.0	2e-05	2e-05	0.0	0.0	0.0	2e-05	6e-05	6e-05	8e-05	4e-05	4e-05	2e-05	4e-05	6e-05	6e-05	0.0001	0.00016	0.00014	0.0002	8e-05	0.00016	0.00048	0.00068	0.00214	0.05058	0.40196	0.2441	0.0071	8e-05	0.0	0.0	0.0	0.0	0.0	0.0	0.0	0.0	0.0	0.0	0.0	0.0	0.0	0.0	0.0	
0.0  1600.0  1800.0  0.0	0.0	0.0	0.0	0.0	0.0	2e-05	0.0	0.0	0.0	0.0	0.0	0.0	2e-05	0.0	0.0	0.0	0.0	0.0	2e-05	0.0	0.0	0.0	2e-05	0.0	0.0	2e-05	0.0	8e-05	2e-05	0.0	6e-05	0.0	0.0001	6e-05	6e-05	0.00012	4e-05	0.0001	0.00016	0.0001	0.0001	0.00016	0.0002	0.00024	0.00064	0.00158	0.05642	0.44744	0.2059	0.0017	0.00014	0.0	0.0	0.0	0.0	0.0	0.0	0.0	0.0	0.0	0.0	0.0	0.0	0.0	
0.0  1800.0  2000.0  0.0	0.0	0.0	0.0	0.0	0.0	0.0	0.0	0.0	0.0	0.0	0.0	0.0	0.0	0.0	0.0	0.0	0.0	0.0	0.0	0.0	0.0	0.0	4e-05	0.0	4e-05	2e-05	2e-05	2e-05	0.0	4e-05	4e-05	2e-05	4e-05	0.0	6e-05	0.0	4e-05	6e-05	0.00014	0.00012	2e-05	0.0001	0.00018	0.00012	0.00038	0.00044	0.00056	0.00256	0.19778	0.4375	0.07942	0.0002	0.0	0.0	0.0	0.0	0.0	0.0	0.0	0.0	0.0	0.0	0.0	0.0	
0.0  2000.0  2250.0  0.0	0.0	0.0	0.0	0.0	0.0	0.0	0.0	0.0	0.0	0.0	0.0	0.0	0.0	0.0	0.0	0.0	0.0	0.0	0.0	0.0	0.0	0.0	0.0	2e-05	0.0	2e-05	2e-05	4e-05	0.0	4e-05	0.0	0.0	2e-05	0.0	4e-05	4e-05	4e-05	0.0	6e-05	8e-05	2e-05	4e-05	0.0	8e-05	0.00016	8e-05	0.00026	0.00032	0.00088	0.00762	0.39062	0.30584	0.01424	6e-05	0.0	0.0	0.0	0.0	0.0	0.0	0.0	0.0	0.0	0.0	
0.0  2250.0  2500.0  0.0	0.0	0.0	0.0	0.0	0.0	2e-05	0.0	0.0	0.0	0.0	0.0	0.0	0.0	0.0	0.0	0.0	0.0	0.0	0.0	0.0	2e-05	0.0	0.0	0.0	0.0	2e-05	2e-05	2e-05	6e-05	2e-05	2e-05	4e-05	2e-05	2e-05	2e-05	2e-05	4e-05	4e-05	0.0001	0.0	4e-05	6e-05	6e-05	8e-05	4e-05	0.0002	8e-05	0.0002	0.00026	0.00056	0.00108	0.02416	0.5105	0.18578	0.00032	0.0	0.0	0.0	0.0	0.0	0.0	0.0	0.0	0.0	
0.0  2500.0  2750.0  0.0	0.0	0.0	0.0	0.0	0.0	0.0	0.0	0.0	0.0	0.0	0.0	0.0	0.0	0.0	0.0	0.0	0.0	4e-05	0.0	0.0	0.0	0.0	0.0	0.0	0.0	2e-05	2e-05	0.0	0.0	0.0	0.0	4e-05	0.0	0.0	6e-05	2e-05	6e-05	0.0	2e-05	4e-05	4e-05	4e-05	2e-05	2e-05	4e-05	6e-05	0.0001	0.0001	0.00022	0.00022	0.0004	0.00038	0.00198	0.27734	0.4245	0.01718	0.0	0.0	0.0	0.0	0.0	0.0	0.0	0.0	
0.0  2750.0  3000.0  0.0	0.0	0.0	0.0	0.0	0.0	0.0	0.0	0.0	0.0	0.0	0.0	0.0	0.0	0.0	0.0	0.0	0.0	0.0	0.0	0.0	0.0	0.0	0.0	2e-05	4e-05	0.0	0.0	2e-05	0.0	2e-05	0.0	0.0	4e-05	0.0	4e-05	0.0	4e-05	0.0	4e-05	0.0	2e-05	2e-05	8e-05	6e-05	0.0	6e-05	8e-05	0.00012	8e-05	0.00018	0.00018	0.00026	0.0003	0.0007	0.02344	0.56426	0.13454	0.00014	0.0	0.0	0.0	0.0	0.0	0.0	
-0.0  3000.0  3500.0  0.0	0.0	0.0	0.0	0.0	0.0	0.0	0.0	0.0	0.0	0.0	0.0	0.0	0.0	0.0	0.0	0.0	0.0	0.0	0.0	0.0	0.0	0.0	0.0	0.0	0.0	4e-05	0.0	0.0	0.0	0.0	0.0	0.0	4e-05	0.0	0.0	4e-05	4e-05	0.0	4e-05	0.0	4e-05	4e-05	4e-05	0.0	6e-05	0.00012	2e-05	4e-05	6e-05	8e-05	4e-05	0.00014	0.00016	0.0003	0.00056	0.00462	0.33824	0.28676	0.09002	4e-05	0.0	0.0	0.0	0.0	
-0.0  3500.0  4000.0  0.0	0.0	0.0	0.0	0.0	0.0	0.0	0.0	0.0	0.0	0.0	0.0	0.0	0.0	0.0	0.0	0.0	0.0	0.0	0.0	0.0	0.0	0.0	0.0	0.0	2e-05	0.0	0.0	0.0	0.0	0.0	6e-05	0.0	0.0	0.0	2e-05	0.0	0.0	6e-05	2e-05	4e-05	4e-05	0.0	2e-05	4e-05	2e-05	0.0	6e-05	8e-05	2e-05	6e-05	4e-05	8e-05	0.00016	8e-05	0.00012	0.0002	0.00066	0.00116	0.22442	0.39284	0.1048	2e-05	0.0	0.0	
-0.0  4000.0  15000.0  0.0	0.0	0.0	0.0	0.0	0.0	0.0	0.0	0.0	0.0	0.0	0.0	0.0	2e-05	0.0	0.0	0.0	0.0	0.0	0.0	0.0	2e-05	0.0	0.0	0.0	0.0	0.0	0.0	0.0	0.0	0.0	0.0	0.0	2e-05	2e-05	4e-05	4e-05	0.0	0.0	2e-05	4e-05	2e-05	2e-05	2e-05	0.0	6e-05	2e-05	4e-05	4e-05	2e-05	2e-05	4e-05	4e-05	2e-05	4e-05	6e-05	0.00018	0.00014	0.0003	0.0005	0.00126	0.25192	0.36138	0.08816	0.01748	
