#===============
# Experiment : CMS
# Search : CMS_PAS_EXO_19_019
# ll~ : mumu
# qq~ : uu~
# FF  : vector
# XY  :  LL RR
# coef : 0 0
# type : Z*Zp
# Nevs : 50000
#===============
#
# XSEC	BIN_MIN	BIN_MAX 	 Kij 
# 120.0 129.955 140.735 152.41 165.054 178.746 193.574 209.632 227.022 245.855 266.25 288.337 312.257 338.16 366.213 396.592 429.492 465.121 503.706 545.491 590.743 639.749 692.82 750.294 812.536 879.94 952.937 1031.99 1117.6 1210.31 1310.71 1419.44 1537.2 1664.72 1802.82 1952.37 2114.33 2289.73 2479.67 2685.38 2908.15 3149.4 3410.66 3693.59 4000.0 4500.0 5200.0 6000.0 7000.0 
4.6766  200.0  300.0  0.0	0.0	6e-05	0.0004	0.00062	0.00298	0.0529	0.08094	0.07774	0.06908	0.06234	0.0237	0.00038	0.0	0.0	0.0	0.0	0.0	0.0	0.0	0.0	0.0	0.0	0.0	0.0	0.0	0.0	0.0	0.0	0.0	0.0	0.0	0.0	0.0	0.0	0.0	0.0	0.0	0.0	0.0	0.0	0.0	0.0	0.0	0.0	0.0	0.0	0.0	
2.00206  300.0  400.0  0.0	0.0	0.0	0.0001	6e-05	0.0002	0.00046	0.00048	0.00066	0.00166	0.00496	0.0792	0.13318	0.1225	0.09508	0.01598	0.00042	0.0	0.0	0.0	0.0	0.0	0.0	0.0	0.0	0.0	0.0	0.0	0.0	0.0	0.0	0.0	0.0	0.0	0.0	0.0	0.0	0.0	0.0	0.0	0.0	0.0	0.0	0.0	0.0	0.0	0.0	0.0	
1.07252  400.0  500.0  0.0	0.0	2e-05	2e-05	2e-05	4e-05	0.0001	0.00014	0.00024	0.00038	0.00068	0.00092	0.0018	0.00336	0.0301	0.16118	0.17426	0.12088	0.01488	0.0005	4e-05	0.0	0.0	0.0	0.0	0.0	0.0	0.0	0.0	0.0	0.0	0.0	0.0	0.0	0.0	0.0	0.0	0.0	0.0	0.0	0.0	0.0	0.0	0.0	0.0	0.0	0.0	0.0	
0.64406  500.0  600.0  0.0	0.0	0.0	8e-05	0.0001	0.0	4e-05	0.0001	0.00026	0.00022	0.00042	0.00038	0.00054	0.00114	0.00152	0.00174	0.0065	0.06988	0.21784	0.1936	0.05292	0.00224	0.00022	0.0	0.0	0.0	0.0	0.0	0.0	0.0	0.0	0.0	0.0	0.0	0.0	0.0	0.0	0.0	0.0	0.0	0.0	0.0	0.0	0.0	0.0	0.0	0.0	0.0	
0.41602  600.0  700.0  0.0	0.0	0.0	2e-05	0.0	0.0	4e-05	6e-05	8e-05	0.00024	0.0002	0.00028	0.00042	0.00042	0.00072	0.00062	0.00146	0.00194	0.00618	0.04772	0.22618	0.22858	0.06056	0.00396	0.00032	0.0	0.0	0.0	0.0	0.0	0.0	0.0	0.0	0.0	0.0	0.0	0.0	0.0	0.0	0.0	0.0	0.0	0.0	0.0	0.0	0.0	0.0	0.0	
0.282302  700.0  800.0  0.0	0.0	0.0	8e-05	2e-05	2e-05	0.0	4e-05	2e-05	0.0001	8e-05	0.00014	0.0003	0.00032	0.0005	0.00074	0.00088	0.00098	0.0017	0.0026	0.00956	0.0706	0.27148	0.20866	0.03644	0.00272	0.00026	0.0	0.0	0.0	0.0	0.0	0.0	0.0	0.0	0.0	0.0	0.0	0.0	0.0	0.0	0.0	0.0	0.0	0.0	0.0	0.0	0.0	
0.197236  800.0  900.0  0.0	0.0	0.0	0.0	2e-05	6e-05	4e-05	4e-05	8e-05	6e-05	6e-05	0.00012	0.00012	0.0002	0.00038	0.00036	0.00088	0.0008	0.00086	0.00114	0.0025	0.0053	0.02284	0.15498	0.29782	0.11874	0.0139	0.0012	0.00014	0.0	0.0	0.0	0.0	0.0	0.0	0.0	0.0	0.0	0.0	0.0	0.0	0.0	0.0	0.0	0.0	0.0	0.0	0.0	
0.142588  900.0  1000.0  0.0	0.0	0.0	2e-05	2e-05	0.0	0.0	6e-05	2e-05	4e-05	4e-05	0.0001	0.00018	0.00012	0.00012	0.00046	0.00042	0.00038	0.0005	0.00092	0.00106	0.0019	0.00352	0.01346	0.07916	0.28114	0.2119	0.03776	0.00406	0.00036	2e-05	0.0	0.0	0.0	0.0	0.0	0.0	0.0	0.0	0.0	0.0	0.0	0.0	0.0	0.0	0.0	0.0	0.0	
0.185144  1000.0  1200.0  0.0	0.0	0.0	2e-05	4e-05	0.0	2e-05	4e-05	4e-05	6e-05	2e-05	2e-05	8e-05	0.0001	0.00016	0.00016	0.00024	0.00036	0.00036	0.0006	0.00068	0.00082	0.00148	0.00224	0.0073	0.0321	0.15246	0.23786	0.16474	0.04634	0.00598	0.00102	0.0001	2e-05	0.0	0.0	0.0	0.0	0.0	0.0	0.0	0.0	0.0	0.0	0.0	0.0	0.0	0.0	
0.107264  1200.0  1400.0  0.0	0.0	0.0	2e-05	0.0	0.0	0.0	2e-05	0.0	4e-05	4e-05	2e-05	6e-05	4e-05	0.00012	0.00016	0.00012	0.00022	0.00036	0.00022	0.0006	0.00044	0.00056	0.00098	0.00144	0.0027	0.00742	0.03054	0.1319	0.25108	0.17978	0.05514	0.00896	0.00156	0.00028	4e-05	0.0	0.0	0.0	0.0	0.0	0.0	0.0	0.0	0.0	0.0	0.0	0.0	
0.064828  1400.0  1600.0  0.0	0.0	0.0	0.0	0.0	0.0	2e-05	2e-05	4e-05	0.0	4e-05	2e-05	2e-05	6e-05	8e-05	6e-05	0.0001	0.00028	0.00012	0.0003	0.00036	0.00034	0.0005	0.00056	0.00096	0.00098	0.00188	0.00378	0.0111	0.04586	0.1592	0.25406	0.15668	0.04138	0.00792	0.0013	0.00024	2e-05	0.0	0.0	0.0	0.0	0.0	0.0	0.0	0.0	0.0	0.0	
0.040676  1600.0  1800.0  0.0	0.0	0.0	0.0	0.0	2e-05	0.0	0.0	4e-05	6e-05	8e-05	2e-05	6e-05	8e-05	4e-05	4e-05	8e-05	0.00014	8e-05	0.00012	0.00026	0.0002	0.00044	0.00036	0.0008	0.00088	0.001	0.0015	0.00246	0.0064	0.02262	0.08706	0.21536	0.2265	0.10046	0.02374	0.0043	0.00078	0.00016	2e-05	0.0	0.0	0.0	0.0	0.0	0.0	0.0	0.0	
0.026202  1800.0  2000.0  0.0	0.0	0.0	0.0	0.0	0.0	2e-05	4e-05	0.0	0.0	0.0	2e-05	2e-05	4e-05	6e-05	4e-05	2e-05	0.0001	4e-05	0.00012	8e-05	0.00028	0.00024	0.0003	0.00044	0.00048	0.00054	0.0008	0.00136	0.00244	0.0054	0.01664	0.0571	0.16618	0.23836	0.15196	0.04782	0.01026	0.00198	0.0006	0.00014	2e-05	0.0	2e-05	0.0	0.0	0.0	0.0	
0.020489  2000.0  2250.0  0.0	0.0	0.0	0.0	0.0	2e-05	0.0	2e-05	0.0	0.0	0.0	0.0	0.0	0.0	2e-05	4e-05	2e-05	0.0001	0.00012	0.0001	0.00014	0.00014	0.00022	0.00032	0.00036	0.00038	0.00048	0.00064	0.00092	0.00104	0.0017	0.00434	0.01198	0.04074	0.12656	0.2124	0.18446	0.08424	0.02366	0.00536	0.001	0.00028	6e-05	0.0	0.0	0.0	0.0	0.0	
0.012382  2250.0  2500.0  0.0	0.0	0.0	0.0	0.0	0.0	0.0	0.0	0.0	2e-05	4e-05	2e-05	0.0	0.0	2e-05	2e-05	4e-05	8e-05	8e-05	6e-05	0.0001	0.00012	0.00022	0.00018	0.00014	0.00032	0.00042	0.00044	0.0005	0.00076	0.0008	0.00162	0.0039	0.00954	0.03144	0.08674	0.17482	0.1932	0.12088	0.04412	0.01068	0.00296	0.00062	0.0001	2e-05	0.0	0.0	0.0	
0.007639  2500.0  2750.0  0.0	0.0	0.0	0.0	0.0	0.0	0.0	0.0	0.0	0.0	0.0	0.0	0.0	2e-05	2e-05	0.0	0.0	2e-05	4e-05	6e-05	8e-05	0.00024	8e-05	0.00018	0.0003	0.00018	0.00022	0.00038	0.0003	0.00044	0.0006	0.00086	0.00134	0.00308	0.00868	0.02522	0.0694	0.14058	0.17656	0.13294	0.05918	0.0191	0.00466	0.0014	0.00024	6e-05	0.0	0.0	
0.004783  2750.0  3000.0  0.0	0.0	0.0	0.0	0.0	0.0	0.0	2e-05	0.0	0.0	0.0	2e-05	4e-05	0.0	2e-05	2e-05	2e-05	2e-05	4e-05	6e-05	4e-05	8e-05	0.00014	8e-05	0.00016	0.00026	0.00032	0.0003	0.00038	0.0004	0.0004	0.00076	0.00084	0.00158	0.00366	0.00828	0.02366	0.06218	0.12108	0.16222	0.1275	0.0661	0.02464	0.00748	0.00184	0.00016	2e-05	0.0	
0.004984  3000.0  3500.0  0.0	0.0	0.0	0.0	0.0	0.0	0.0	0.0	0.0	0.0	0.0	2e-05	2e-05	0.0	4e-05	0.0	2e-05	6e-05	0.0001	2e-05	2e-05	2e-05	0.00012	0.00012	0.00016	0.00012	0.00018	0.00016	0.00028	0.00034	0.0003	0.00036	0.00078	0.00088	0.00148	0.00242	0.00698	0.01876	0.04632	0.0895	0.12752	0.12056	0.07916	0.0396	0.01786	0.00366	0.00032	2e-05	
0.002074  3500.0  4000.0  0.0	0.0	0.0	0.0	0.0	2e-05	0.0	0.0	0.0	0.0	0.0	0.0	2e-05	0.0	0.0	2e-05	0.0	0.0	4e-05	0.0	4e-05	0.0	6e-05	6e-05	8e-05	0.0001	8e-05	0.00012	0.00012	0.00044	0.00026	0.0001	0.00042	0.00046	0.00048	0.0012	0.00202	0.00496	0.01086	0.0247	0.05098	0.08222	0.10276	0.09288	0.08202	0.02852	0.0041	0.00042	
0.001574  4000.0  15000.0  0.0	0.0	0.0	0.0	0.0	0.0	0.0	0.0	0.0	0.0	4e-05	0.0	0.0	2e-05	0.0	0.0	2e-05	6e-05	0.0	4e-05	0.0	0.0	4e-05	0.0	2e-05	2e-05	0.00014	0.00012	6e-05	0.00016	0.00024	0.00016	0.0002	0.00012	0.00034	0.00052	0.0007	0.00112	0.00218	0.00512	0.0105	0.02132	0.03948	0.05592	0.08946	0.08518	0.03994	0.01622	
