#===============
# Experiment : ATLAS
# Search : 1906_05609
# ll~ : muvm
# qq~ : su~
# FF  : scalar tensor scalar-tensor
# XY  : LL LR RL RR
# coef : 0 0
# type : U1*U1
# Nevs : 50000
#===============
#
# XSEC	BIN_MIN	BIN_MAX 	 Kij 
# 110.0 119.581 129.997 141.32 153.63 167.011 181.558 197.372 214.564 233.253 253.57 275.657 299.667 325.769 354.144 384.991 418.524 454.979 494.609 537.69 584.525 635.438 690.786 750.956 816.366 887.473 964.775 1048.81 1140.16 1239.47 1347.44 1464.8 1592.39 1731.09 1881.87 2045.79 2223.98 2417.69 2628.28 2857.21 3106.08 3376.63 3670.74 3990.47 4338.05 4715.91 5126.68 5573.22 6058.67 6586.39 7160.08 7783.74 8461.73 9198.76 10000.0 
1.29488  200.0  300.0  0.0045	0.01056	0.01688	0.02278	0.03256	0.04304	0.0649	0.0898	0.09046	0.08426	0.06712	0.03822	0.00708	0.00086	0.00024	2e-05	0.0	0.0	2e-05	2e-05	0.0	0.0	0.0	0.0	0.0	0.0	0.0	0.0	0.0	0.0	0.0	0.0	0.0	0.0	0.0	0.0	0.0	0.0	0.0	0.0	0.0	0.0	0.0	0.0	0.0	0.0	0.0	0.0	0.0	0.0	0.0	0.0	0.0	0.0	
0.99284  300.0  400.0  0.00178	0.00444	0.00628	0.01	0.01194	0.01492	0.02054	0.02428	0.03136	0.04056	0.05832	0.08948	0.11414	0.10432	0.07114	0.02264	0.00224	0.0003	6e-05	0.0	2e-05	2e-05	0.0	0.0	0.0	0.0	0.0	0.0	0.0	0.0	0.0	0.0	0.0	0.0	0.0	0.0	0.0	0.0	0.0	0.0	0.0	0.0	0.0	0.0	0.0	0.0	0.0	0.0	0.0	0.0	0.0	0.0	0.0	0.0	
0.76726  400.0  500.0  0.00086	0.00184	0.00366	0.00472	0.00624	0.00858	0.00978	0.01206	0.01574	0.01946	0.02408	0.03216	0.0403	0.05632	0.0836	0.12592	0.11658	0.0727	0.01512	0.00158	0.0003	0.00012	4e-05	0.0	0.0	2e-05	0.0	0.0	0.0	0.0	0.0	0.0	0.0	0.0	0.0	0.0	0.0	0.0	0.0	0.0	0.0	0.0	0.0	0.0	0.0	0.0	0.0	0.0	0.0	0.0	0.0	0.0	0.0	0.0	
0.59882  500.0  600.0  0.0007	0.00128	0.00194	0.00284	0.0033	0.00492	0.00618	0.00774	0.00904	0.01208	0.0142	0.01978	0.0225	0.02878	0.03558	0.04816	0.0687	0.10444	0.13918	0.09808	0.02754	0.00384	0.0007	0.00016	2e-05	6e-05	0.0	0.0	0.0	0.0	0.0	0.0	0.0	0.0	0.0	0.0	0.0	0.0	0.0	0.0	0.0	0.0	0.0	0.0	0.0	0.0	0.0	0.0	0.0	0.0	0.0	0.0	0.0	0.0	
0.47144  600.0  700.0  0.00042	0.00098	0.00124	0.00192	0.00236	0.0029	0.00424	0.00518	0.00624	0.00778	0.00938	0.01228	0.0151	0.01766	0.02282	0.029	0.0369	0.04874	0.06784	0.10494	0.14044	0.09822	0.02562	0.00336	0.00068	8e-05	4e-05	0.0	0.0	0.0	0.0	0.0	0.0	0.0	0.0	0.0	0.0	0.0	0.0	0.0	0.0	0.0	0.0	0.0	0.0	0.0	0.0	0.0	0.0	0.0	0.0	0.0	0.0	0.0	
0.37372  700.0  800.0  0.00028	0.0007	0.00106	0.00154	0.00188	0.00244	0.00322	0.00306	0.00454	0.00596	0.00692	0.00846	0.00998	0.01308	0.01686	0.01868	0.02494	0.03282	0.04074	0.05546	0.0741	0.11648	0.13872	0.07322	0.01452	0.00238	0.0006	0.0002	2e-05	2e-05	2e-05	0.0	0.0	0.0	0.0	0.0	0.0	0.0	0.0	0.0	0.0	0.0	0.0	0.0	0.0	0.0	0.0	0.0	0.0	0.0	0.0	0.0	0.0	0.0	
0.29722  800.0  900.0  0.00016	0.00036	0.00074	0.00092	0.00118	0.00126	0.00216	0.00292	0.0034	0.00364	0.00518	0.00608	0.00688	0.01008	0.0118	0.01454	0.01808	0.0234	0.02868	0.03548	0.04576	0.06106	0.092	0.1394	0.11218	0.0353	0.00584	0.00092	0.00032	0.00012	2e-05	2e-05	0.0	2e-05	0.0	0.0	0.0	0.0	0.0	0.0	0.0	0.0	0.0	0.0	0.0	0.0	0.0	0.0	0.0	0.0	0.0	0.0	0.0	0.0	
0.23792  900.0  1000.0  0.0002	0.00028	0.0005	0.00058	0.00082	0.00104	0.00168	0.00156	0.00278	0.00318	0.00396	0.00468	0.00554	0.0074	0.00892	0.01078	0.01338	0.01774	0.0204	0.02552	0.03276	0.04292	0.05566	0.0807	0.12226	0.13292	0.0604	0.01196	0.00178	0.0005	0.00026	2e-05	0.0	2e-05	2e-05	0.0	0.0	0.0	0.0	0.0	0.0	0.0	0.0	0.0	0.0	0.0	0.0	0.0	0.0	0.0	0.0	0.0	0.0	0.0	
0.3452  1000.0  1200.0  0.00014	0.00034	0.0004	0.00058	0.00074	0.00102	0.00108	0.00132	0.00138	0.00232	0.00238	0.00328	0.00464	0.00554	0.00636	0.00778	0.00952	0.0118	0.01528	0.01836	0.02304	0.02926	0.0361	0.04612	0.06322	0.09718	0.12346	0.0998	0.04592	0.01152	0.0023	0.00052	0.00026	0.0001	4e-05	0.0	2e-05	0.0	0.0	0.0	0.0	0.0	0.0	0.0	0.0	0.0	0.0	0.0	0.0	0.0	0.0	0.0	0.0	0.0	
0.225  1200.0  1400.0  2e-05	0.00014	0.00026	0.0003	0.00034	0.00034	0.00072	0.00076	0.001	0.00158	0.00168	0.00192	0.003	0.00326	0.00416	0.00478	0.00678	0.00802	0.00988	0.01264	0.01464	0.01864	0.02362	0.02908	0.03702	0.04676	0.06502	0.09416	0.11622	0.0942	0.04656	0.01274	0.00282	0.00102	0.00012	0.00012	4e-05	0.0	2e-05	0.0	0.0	0.0	0.0	0.0	0.0	0.0	0.0	0.0	0.0	0.0	0.0	0.0	0.0	0.0	
0.148074  1400.0  1600.0  2e-05	0.0001	0.00014	0.0001	0.00036	0.00034	0.00054	0.00036	0.00072	0.00104	0.00088	0.00138	0.00226	0.00296	0.00278	0.00402	0.00468	0.00564	0.00688	0.00914	0.01038	0.0125	0.0159	0.02106	0.02598	0.0303	0.03998	0.05076	0.07184	0.10054	0.11296	0.07984	0.03452	0.00994	0.00246	0.00066	0.00036	8e-05	4e-05	0.0	2e-05	0.0	0.0	0.0	0.0	0.0	0.0	0.0	0.0	0.0	0.0	0.0	0.0	0.0	
0.098098  1600.0  1800.0  6e-05	2e-05	6e-05	6e-05	6e-05	0.00026	0.00034	0.00024	0.0004	0.00072	0.0008	0.00102	0.00116	0.00176	0.00226	0.00236	0.00344	0.00412	0.00556	0.00598	0.00808	0.00988	0.0124	0.0155	0.01722	0.02158	0.02798	0.036	0.045	0.06282	0.08504	0.10432	0.09604	0.0567	0.02202	0.00584	0.00144	0.00056	0.00014	8e-05	4e-05	0.0	0.0	0.0	0.0	0.0	0.0	0.0	0.0	0.0	0.0	0.0	0.0	0.0	
0.065312  1800.0  2000.0  6e-05	4e-05	4e-05	8e-05	0.0001	6e-05	0.00032	0.0003	0.00026	0.00036	0.00044	0.0007	0.00102	0.0015	0.00164	0.00206	0.00298	0.00314	0.0039	0.00528	0.00594	0.00814	0.00918	0.01168	0.0152	0.01652	0.02164	0.02684	0.0328	0.04262	0.05592	0.0757	0.09428	0.09942	0.06814	0.03126	0.01052	0.00306	0.00088	0.00036	0.00026	0.0001	2e-05	0.0	0.0	0.0	0.0	0.0	0.0	0.0	0.0	0.0	0.0	0.0	
0.052082  2000.0  2250.0  0.0	4e-05	4e-05	6e-05	0.0001	8e-05	8e-05	0.0001	0.00016	0.0003	0.00034	0.0008	0.00052	0.00078	0.0012	0.00148	0.00184	0.0026	0.00324	0.00446	0.0053	0.00564	0.00796	0.0097	0.01162	0.0145	0.0169	0.01966	0.02486	0.03216	0.04014	0.05234	0.06766	0.08534	0.09276	0.07496	0.04176	0.01692	0.00564	0.00208	0.00062	0.00018	0.00012	4e-05	0.0	2e-05	2e-05	0.0	0.0	0.0	0.0	0.0	0.0	0.0	
0.031738  2250.0  2500.0  2e-05	2e-05	0.0	2e-05	0.00012	4e-05	6e-05	4e-05	0.0001	0.00016	0.0003	0.00042	0.00054	0.00052	0.00084	0.00088	0.0015	0.00172	0.00264	0.00294	0.00354	0.00516	0.00594	0.00772	0.00952	0.01102	0.01304	0.01684	0.0188	0.02372	0.02972	0.03716	0.04778	0.06476	0.07804	0.08456	0.07888	0.05174	0.02566	0.01038	0.0036	0.0012	0.00048	0.00016	0.0001	4e-05	2e-05	0.0	0.0	2e-05	0.0	0.0	0.0	0.0	
0.019452  2500.0  2750.0  0.0	2e-05	2e-05	0.0	4e-05	0.0	6e-05	6e-05	8e-05	0.00018	0.00012	0.00014	0.00034	0.00064	0.00072	0.00094	0.0011	0.00142	0.00182	0.00222	0.00302	0.00412	0.00492	0.00678	0.00738	0.01014	0.01074	0.01418	0.01616	0.01956	0.0235	0.02882	0.03702	0.04726	0.05848	0.07118	0.08032	0.07334	0.05394	0.03034	0.01442	0.00556	0.00204	0.0009	0.00026	0.00012	0.00012	6e-05	0.0	2e-05	2e-05	0.0	0.0	0.0	
0.012023  2750.0  3000.0  0.0	6e-05	2e-05	0.0	0.0	2e-05	2e-05	0.00016	2e-05	8e-05	0.00016	0.00016	0.00026	0.00028	0.00034	0.00058	0.00094	0.00098	0.00158	0.0021	0.00272	0.00362	0.00366	0.00536	0.00694	0.00774	0.00946	0.01108	0.01394	0.01686	0.02004	0.02404	0.02966	0.03556	0.04482	0.05832	0.06918	0.07624	0.0694	0.05362	0.03144	0.01534	0.00668	0.00274	0.00118	0.00032	0.0001	6e-05	4e-05	0.0	4e-05	0.0	0.0	0.0	
0.012153  3000.0  3500.0  0.0	4e-05	0.0	0.0	0.0	0.0	2e-05	2e-05	2e-05	4e-05	8e-05	6e-05	0.00014	0.00024	0.00012	0.00046	0.0005	0.00074	0.0011	0.00146	0.00188	0.0028	0.00324	0.00418	0.00548	0.0068	0.00812	0.00946	0.0116	0.01348	0.0158	0.01956	0.0226	0.02834	0.03444	0.04334	0.05328	0.06438	0.06528	0.0648	0.05272	0.03666	0.0217	0.0113	0.00494	0.00228	0.001	0.00036	0.0002	0.00012	2e-05	2e-05	0.0	0.0	
0.004815  3500.0  4000.0  0.0	2e-05	0.0	2e-05	0.0	0.0	4e-05	0.0	2e-05	2e-05	4e-05	6e-05	0.0001	0.00016	0.0002	0.00016	0.00026	0.0004	0.00058	0.00086	0.00106	0.00174	0.00208	0.00352	0.00432	0.00522	0.00668	0.0081	0.00918	0.01198	0.0133	0.0148	0.01788	0.02114	0.02784	0.03094	0.0394	0.0459	0.05308	0.05974	0.06002	0.0527	0.04314	0.02792	0.01764	0.00952	0.00506	0.0024	0.001	0.00046	0.00022	4e-05	0.0	0.0	
0.003342  4000.0  15000.0  0.0	2e-05	0.0	0.0	2e-05	0.0	0.0	0.0	0.0	2e-05	2e-05	6e-05	0.0	8e-05	0.0	0.0001	0.0003	0.00024	0.00032	0.0005	0.00068	0.00104	0.00146	0.00218	0.00312	0.0039	0.00528	0.00736	0.00762	0.00874	0.01086	0.01268	0.0147	0.01708	0.02016	0.02326	0.0269	0.03244	0.03708	0.04338	0.04612	0.0487	0.04826	0.04188	0.0336	0.02702	0.0193	0.01264	0.00786	0.00438	0.00306	0.0014	0.00094	0.0004	
