#===============
# Experiment : ATLAS
# Search : 1906_05609
# ll~ : muvm
# qq~ : cb~
# FF  : vector
# XY  :  LL RR
# coef : 0 0
# type : W*S1 W*S3 W*U1 W*U3
# Nevs : 50000
#===============
#
# XSEC	BIN_MIN	BIN_MAX 	 Kij 
# 110.0 119.581 129.997 141.32 153.63 167.011 181.558 197.372 214.564 233.253 253.57 275.657 299.667 325.769 354.144 384.991 418.524 454.979 494.609 537.69 584.525 635.438 690.786 750.956 816.366 887.473 964.775 1048.81 1140.16 1239.47 1347.44 1464.8 1592.39 1731.09 1881.87 2045.79 2223.98 2417.69 2628.28 2857.21 3106.08 3376.63 3670.74 3990.47 4338.05 4715.91 5126.68 5573.22 6058.67 6586.39 7160.08 7783.74 8461.73 9198.76 10000.0 
0.289382  100.0  200.0  0.0003	0.00064	0.00064	0.00128	0.00378	0.01088	0.03484	0.08548	0.10806	0.10062	0.08658	0.07314	0.06208	0.05102	0.03788	0.01828	0.00464	0.0012	0.00052	0.0001	4e-05	6e-05	4e-05	2e-05	2e-05	2e-05	0.0	0.0	0.0	0.0	0.0	0.0	0.0	0.0	0.0	0.0	0.0	0.0	0.0	0.0	0.0	0.0	0.0	0.0	0.0	0.0	0.0	0.0	0.0	0.0	0.0	0.0	0.0	0.0	
0.043239  200.0  300.0  0.0	6e-05	2e-05	0.0001	8e-05	8e-05	0.0001	0.00018	0.00024	0.00084	0.0009	0.00186	0.00316	0.00804	0.03098	0.10958	0.1608	0.14264	0.1162	0.0807	0.03294	0.0076	0.00178	0.00084	0.00026	6e-05	0.00012	0.0	0.0	0.0	0.0	0.0	0.0	0.0	0.0	0.0	0.0	0.0	0.0	0.0	0.0	0.0	0.0	0.0	0.0	0.0	0.0	0.0	0.0	0.0	0.0	0.0	0.0	0.0	
0.011192  300.0  400.0  2e-05	0.0	2e-05	4e-05	6e-05	6e-05	2e-05	0.0001	8e-05	8e-05	0.00014	0.00022	0.00034	0.00042	0.00062	0.0011	0.002	0.00418	0.01172	0.0501	0.15752	0.19368	0.1562	0.08856	0.0249	0.00504	0.00142	0.00054	0.00012	0.0001	6e-05	0.0	0.0	6e-05	2e-05	0.0	0.0	0.0	0.0	0.0	0.0	0.0	0.0	0.0	0.0	0.0	0.0	0.0	0.0	0.0	0.0	0.0	0.0	0.0	
0.003711  400.0  500.0  0.0	2e-05	0.0	2e-05	0.0	0.0	0.0	0.0	2e-05	6e-05	6e-05	0.00012	0.0001	0.00022	0.00024	0.00016	0.00032	0.0006	0.0009	0.00166	0.00364	0.00902	0.03526	0.12718	0.21628	0.17966	0.08632	0.0214	0.00552	0.00162	0.00064	0.00022	2e-05	0.0	0.0	0.0	2e-05	0.0	0.0	0.0	0.0	0.0	0.0	0.0	0.0	0.0	0.0	0.0	0.0	0.0	0.0	0.0	0.0	0.0	
0.001423  500.0  600.0  0.0	0.0	0.0	0.0	0.0	0.0	0.0	2e-05	2e-05	6e-05	2e-05	2e-05	0.0001	4e-05	4e-05	0.00014	0.00014	0.00034	0.00028	0.00042	0.00064	0.0011	0.00232	0.00564	0.01772	0.07286	0.18406	0.2187	0.1282	0.0417	0.0101	0.00286	0.00078	0.00038	8e-05	4e-05	2e-05	0.0	0.0	0.0	0.0	0.0	0.0	0.0	0.0	0.0	0.0	0.0	0.0	0.0	0.0	0.0	0.0	0.0	
0.000603  600.0  700.0  0.0	2e-05	0.0	0.0	2e-05	0.0	0.0	0.0	4e-05	0.0	0.0	4e-05	0.0	0.0	0.0001	0.0	8e-05	8e-05	0.0001	0.0002	0.00036	0.00028	0.0008	0.00112	0.00232	0.00576	0.01828	0.06994	0.17724	0.21532	0.1289	0.04566	0.01198	0.0032	0.00088	0.00036	0.00026	4e-05	0.0	2e-05	0.0	0.0	0.0	0.0	0.0	0.0	0.0	0.0	0.0	0.0	0.0	0.0	0.0	0.0	
0.000273  700.0  800.0  0.0	0.0	0.0	2e-05	0.0	0.0	0.0	0.0	0.0	2e-05	0.0	2e-05	0.0	4e-05	0.0	2e-05	8e-05	2e-05	8e-05	0.0001	0.00024	0.00024	0.00038	0.00044	0.00084	0.00146	0.0026	0.00862	0.03022	0.09728	0.18562	0.19346	0.10232	0.03418	0.00966	0.00224	0.00072	0.00028	0.0002	6e-05	4e-05	2e-05	4e-05	0.0	0.0	0.0	0.0	0.0	0.0	0.0	0.0	0.0	0.0	0.0	
0.000131  800.0  900.0  0.0	0.0	0.0	0.0	0.0	2e-05	0.0	0.0	0.0	0.0	2e-05	0.0	2e-05	0.0	0.0	0.0	4e-05	0.0001	0.0001	6e-05	0.0001	0.00024	0.0002	0.00016	0.00018	0.00054	0.00094	0.00226	0.0056	0.0183	0.05922	0.14056	0.19488	0.14546	0.0655	0.02208	0.00596	0.0017	0.0007	0.00014	0.0001	6e-05	2e-05	4e-05	0.0	2e-05	0.0	0.0	0.0	0.0	0.0	0.0	0.0	0.0	
6.5e-05  900.0  1000.0  2e-05	0.0	0.0	0.0	0.0	0.0	2e-05	0.0	0.0	2e-05	0.0	0.0	0.0	0.0	0.0	2e-05	2e-05	6e-05	2e-05	0.0001	2e-05	0.0001	0.0001	0.00022	0.00024	0.0003	0.00038	0.00104	0.00168	0.00508	0.01488	0.04732	0.11068	0.17382	0.16	0.08948	0.03696	0.01008	0.00352	0.0011	0.00026	0.0002	6e-05	0.0001	2e-05	2e-05	0.0	0.0	0.0	0.0	0.0	0.0	0.0	0.0	
5.1e-05  1000.0  1200.0  0.0	0.0	0.0	0.0	0.0	0.0	0.0	0.0	2e-05	0.0	0.0	0.0	0.0	0.0	0.0	0.0	0.0	2e-05	0.0	2e-05	0.0	0.0001	0.0001	0.00018	0.00016	8e-05	0.00018	0.00032	0.00064	0.00144	0.004	0.01256	0.03186	0.0797	0.13328	0.1529	0.1185	0.06724	0.03018	0.01082	0.00362	0.00116	0.00036	0.0002	4e-05	2e-05	2e-05	0.0	0.0	0.0	0.0	0.0	0.0	0.0	
1.5e-05  1200.0  1400.0  0.0	0.0	0.0	0.0	0.0	0.0	0.0	0.0	0.0	0.0	0.0	0.0	0.0	0.0	2e-05	0.0	0.0	0.0	0.0	2e-05	6e-05	4e-05	2e-05	4e-05	4e-05	0.00014	6e-05	0.00012	0.00026	0.00036	0.00092	0.00246	0.00642	0.01716	0.03772	0.07712	0.11942	0.13418	0.1117	0.0691	0.03398	0.014	0.00536	0.00196	0.00068	0.00032	6e-05	2e-05	0.0	2e-05	0.0	0.0	0.0	0.0	
4e-06  1400.0  1600.0  0.0	0.0	0.0	0.0	0.0	0.0	2e-05	0.0	0.0	0.0	0.0	0.0	0.0	0.0	2e-05	0.0	2e-05	0.0	0.0	4e-05	4e-05	0.0	0.00012	6e-05	6e-05	0.00014	2e-05	0.0001	8e-05	0.00016	0.00048	0.00084	0.00162	0.00512	0.01092	0.02468	0.05236	0.08574	0.11392	0.11616	0.09236	0.05824	0.02996	0.0125	0.00564	0.00184	0.00074	0.00026	4e-05	2e-05	2e-05	2e-05	0.0	0.0	
1e-06  1600.0  1800.0  0.0	0.0	0.0	0.0	0.0	0.0	0.0	2e-05	0.0	0.0	0.0	0.0	2e-05	0.0	2e-05	0.0	0.0	4e-05	0.0	2e-05	2e-05	0.0	4e-05	0.0	2e-05	6e-05	0.0001	8e-05	6e-05	0.00016	0.00028	0.00028	0.00092	0.00204	0.00466	0.01054	0.01944	0.04016	0.0685	0.09326	0.1051	0.09716	0.07172	0.0458	0.02362	0.01072	0.0046	0.00184	0.00104	0.00026	6e-05	2e-05	0.0	2e-05	
0.0  1800.0  2000.0  0.0	0.0	0.0	0.0	0.0	0.0	0.0	0.0	0.0	0.0	4e-05	0.0	0.0	0.0	0.0	0.0	0.0	0.0	0.0	0.0	0.0	2e-05	4e-05	0.0	6e-05	2e-05	0.0	0.0	4e-05	8e-05	0.00016	0.00032	0.0005	0.0014	0.0028	0.00546	0.01038	0.02068	0.03592	0.05946	0.07888	0.0944	0.0914	0.0746	0.05054	0.03068	0.01602	0.00794	0.00334	0.00166	0.00056	0.00018	0.00022	4e-05	
0.0  2000.0  2250.0  0.0	0.0	0.0	0.0	0.0	0.0	0.0	0.0	0.0	0.0	0.0	0.0	0.0	0.0	0.0	0.0	0.0	0.0	0.0	0.0	4e-05	2e-05	4e-05	0.0	2e-05	2e-05	8e-05	0.0	8e-05	0.00012	0.00016	0.00024	0.00028	0.00104	0.00144	0.00304	0.00556	0.01062	0.01908	0.0333	0.05046	0.07104	0.08282	0.08486	0.0718	0.055	0.03656	0.02192	0.01144	0.00572	0.00276	0.0012	0.00048	0.0002	
0.0  2250.0  2500.0  0.0	0.0	0.0	0.0	0.0	0.0	0.0	0.0	0.0	0.0	0.0	2e-05	0.0	0.0	0.0	0.0	0.0	0.0	2e-05	0.0	0.0	0.0	2e-05	0.0	0.0	0.0	0.0	6e-05	2e-05	6e-05	0.00012	0.00028	0.00014	0.00056	0.00078	0.00158	0.00374	0.00624	0.01156	0.02008	0.03202	0.04552	0.06052	0.07278	0.07488	0.06898	0.0554	0.04054	0.0255	0.01552	0.00818	0.00416	0.0018	0.00092	
0.0  2500.0  2750.0  0.0	0.0	0.0	0.0	0.0	0.0	0.0	0.0	0.0	0.0	0.0	0.0	0.0	0.0	0.0	0.0	0.0	0.0	0.0	0.0	0.0	0.0	0.0	2e-05	0.0	2e-05	0.0	4e-05	6e-05	4e-05	0.00012	0.0001	0.00022	0.0004	0.0008	0.0013	0.00256	0.00424	0.00662	0.01254	0.01976	0.03038	0.04426	0.05636	0.06596	0.0661	0.06086	0.0536	0.03976	0.02786	0.01716	0.00954	0.00576	0.00288	
0.0  2750.0  3000.0  0.0	0.0	2e-05	0.0	0.0	0.0	0.0	0.0	0.0	0.0	0.0	0.0	0.0	0.0	0.0	0.0	0.0	0.0	2e-05	0.0	0.0	0.0	0.0	4e-05	2e-05	4e-05	2e-05	2e-05	2e-05	8e-05	2e-05	0.00014	0.00016	0.00054	0.00052	0.0009	0.00166	0.00304	0.0046	0.00898	0.01402	0.0223	0.03054	0.0426	0.05108	0.05748	0.06034	0.0585	0.04908	0.0389	0.0285	0.01814	0.0111	0.00674	
0.0  3000.0  3500.0  0.0	0.0	0.0	0.0	0.0	0.0	0.0	0.0	0.0	0.0	0.0	0.0	0.0	0.0	0.0	0.0	0.0	0.0	0.0	0.0	0.0	0.0	2e-05	2e-05	0.0	2e-05	0.0	2e-05	8e-05	6e-05	4e-05	0.00016	0.0001	0.0002	0.00038	0.0009	0.00102	0.00242	0.00322	0.00586	0.01012	0.01526	0.0217	0.03124	0.03852	0.04796	0.0521	0.05332	0.04986	0.04446	0.03734	0.02758	0.01856	0.01224	
0.0  3500.0  4000.0  0.0	0.0	0.0	0.0	0.0	0.0	0.0	0.0	0.0	0.0	0.0	0.0	0.0	0.0	0.0	2e-05	0.0	0.0	0.0	0.0	0.0	0.0	0.0	0.0	4e-05	4e-05	0.0	6e-05	6e-05	2e-05	6e-05	2e-05	0.00014	0.0002	0.0004	0.00046	0.00086	0.00128	0.0028	0.00448	0.00658	0.0103	0.01446	0.02026	0.02676	0.03148	0.03804	0.0437	0.04458	0.04284	0.04118	0.03586	0.02768	0.021	
0.0  4000.0  15000.0  0.0	0.0	0.0	0.0	0.0	0.0	0.0	0.0	0.0	0.0	0.0	0.0	0.0	0.0	0.0	0.0	0.0	0.0	0.0	0.0	0.0	0.0	0.0	0.0	0.0	0.0	2e-05	0.0	4e-05	0.0	4e-05	2e-05	0.0001	0.00016	0.00028	0.00052	0.00064	0.00124	0.00186	0.00298	0.00446	0.00738	0.01038	0.0138	0.0193	0.02356	0.0289	0.03356	0.03544	0.03806	0.03608	0.0358	0.03096	0.0257	
