#===============
# Experiment : ATLAS
# Search : 1906_05609
# ll~ : muvm
# qq~ : ub~
# FF  : vector
# XY  :  LL RR
# coef : 0 0
# type : W*S1 W*S3 W*U1 W*U3
# Nevs : 50000
#===============
#
# XSEC	BIN_MIN	BIN_MAX 	 Kij 
# 110.0 119.581 129.997 141.32 153.63 167.011 181.558 197.372 214.564 233.253 253.57 275.657 299.667 325.769 354.144 384.991 418.524 454.979 494.609 537.69 584.525 635.438 690.786 750.956 816.366 887.473 964.775 1048.81 1140.16 1239.47 1347.44 1464.8 1592.39 1731.09 1881.87 2045.79 2223.98 2417.69 2628.28 2857.21 3106.08 3376.63 3670.74 3990.47 4338.05 4715.91 5126.68 5573.22 6058.67 6586.39 7160.08 7783.74 8461.73 9198.76 10000.0 
0.097034  100.0  200.0  0.00036	0.00068	0.00068	0.00164	0.00402	0.0097	0.03068	0.06534	0.0889	0.08816	0.08008	0.07314	0.06542	0.05624	0.0444	0.02328	0.00664	0.0019	0.00086	0.00038	0.00032	0.00022	6e-05	4e-05	4e-05	2e-05	0.0	2e-05	2e-05	2e-05	0.0	0.0	0.0	0.0	0.0	0.0	0.0	0.0	0.0	0.0	0.0	0.0	0.0	0.0	0.0	0.0	0.0	0.0	0.0	0.0	0.0	0.0	0.0	0.0	
0.021916  200.0  300.0  8e-05	8e-05	0.00022	0.00012	0.00016	0.00032	0.00024	0.00034	0.00064	0.00096	0.00138	0.00222	0.00374	0.00978	0.03102	0.09646	0.13566	0.13936	0.12176	0.08834	0.0393	0.01124	0.00326	0.001	0.00074	0.0002	0.00032	6e-05	4e-05	0.0	0.0	2e-05	0.0	0.0	2e-05	0.0	0.0	0.0	0.0	0.0	0.0	0.0	0.0	0.0	0.0	0.0	0.0	0.0	0.0	0.0	0.0	0.0	0.0	0.0	
0.007689  300.0  400.0  8e-05	4e-05	4e-05	6e-05	4e-05	6e-05	0.0001	0.00012	8e-05	0.00018	0.0001	0.00024	0.00044	0.00056	0.00074	0.00146	0.00222	0.00488	0.01482	0.05364	0.14212	0.17946	0.15752	0.0953	0.0296	0.00814	0.00256	0.00082	0.00046	0.00026	0.00012	6e-05	2e-05	4e-05	0.0	2e-05	0.0	0.0	0.0	0.0	0.0	0.0	0.0	0.0	0.0	0.0	0.0	0.0	0.0	0.0	0.0	0.0	0.0	0.0	
0.003257  400.0  500.0  0.0	2e-05	0.0	0.0	4e-05	4e-05	6e-05	2e-05	2e-05	4e-05	6e-05	8e-05	0.00028	0.00014	0.00042	0.00036	0.00036	0.00072	0.00124	0.00216	0.00484	0.01042	0.03868	0.1223	0.20342	0.17872	0.09308	0.0275	0.00746	0.00238	0.00084	0.00038	0.00022	8e-05	0.0001	0.0	2e-05	0.0	0.0	0.0	0.0	0.0	0.0	0.0	0.0	0.0	0.0	0.0	0.0	0.0	0.0	0.0	0.0	0.0	
0.001543  500.0  600.0  2e-05	0.0	0.0	2e-05	2e-05	4e-05	2e-05	2e-05	0.0	0.0	0.0	4e-05	0.0001	6e-05	0.0002	0.00018	0.00026	0.00034	0.00036	0.00038	0.00086	0.00146	0.00282	0.00704	0.01934	0.0724	0.1783	0.20852	0.1326	0.04662	0.01272	0.00424	0.00146	0.00056	0.00022	8e-05	6e-05	4e-05	0.0	0.0	0.0	0.0	0.0	0.0	0.0	0.0	0.0	0.0	0.0	0.0	0.0	0.0	0.0	0.0	
0.000784  600.0  700.0  0.0	0.0	2e-05	0.0	2e-05	2e-05	2e-05	4e-05	0.0	2e-05	0.0	4e-05	6e-05	0.0	8e-05	8e-05	0.00014	0.0002	8e-05	0.00024	0.00024	0.00066	0.00092	0.00166	0.00316	0.00596	0.01968	0.07042	0.16982	0.20622	0.12948	0.04748	0.01316	0.00408	0.00148	0.0005	0.0004	0.00014	4e-05	2e-05	0.0	0.0	0.0	0.0	0.0	0.0	0.0	0.0	0.0	0.0	0.0	0.0	0.0	0.0	
0.000419  700.0  800.0  0.0	2e-05	0.0	0.0	0.0	0.0	0.0	0.0	0.0	4e-05	2e-05	0.0	0.0	4e-05	6e-05	0.0	8e-05	4e-05	4e-05	0.00016	0.00018	0.00014	0.00048	0.00046	0.0008	0.00182	0.00356	0.0091	0.03034	0.09938	0.18136	0.18502	0.10296	0.03668	0.01058	0.00382	0.00104	0.00046	0.00022	0.00014	2e-05	2e-05	0.0	0.0	0.0	0.0	0.0	0.0	0.0	0.0	0.0	0.0	0.0	0.0	
0.000232  800.0  900.0  0.0	0.0	0.0	0.0	0.0	2e-05	2e-05	0.0	0.0	0.0	4e-05	4e-05	0.0	0.0	0.0	2e-05	4e-05	0.0	4e-05	0.0001	0.00018	6e-05	0.00028	0.00028	0.00048	0.00072	0.00112	0.0025	0.00602	0.01896	0.0623	0.1386	0.18818	0.14506	0.06686	0.02244	0.00612	0.00234	0.00088	0.00034	0.00014	8e-05	4e-05	2e-05	0.0	2e-05	0.0	0.0	0.0	0.0	0.0	0.0	0.0	0.0	
0.000133  900.0  1000.0  0.0	0.0	0.0	0.0	0.0	0.0	2e-05	0.0	0.0	0.0	0.0	0.0	2e-05	2e-05	2e-05	0.0	0.0	2e-05	4e-05	4e-05	2e-05	6e-05	0.00022	0.00028	0.00022	0.0003	0.0004	0.00098	0.00206	0.00522	0.01592	0.04782	0.10946	0.16994	0.15826	0.09198	0.03726	0.0127	0.00362	0.00116	0.00052	0.0002	6e-05	4e-05	2e-05	2e-05	0.0	0.0	0.0	0.0	0.0	0.0	0.0	0.0	
0.000123  1000.0  1200.0  0.0	0.0	0.0	0.0	0.0	0.0	0.0	0.0	0.0	0.0	0.0	0.0	0.0	0.0	2e-05	4e-05	0.0	0.0001	8e-05	0.0	2e-05	8e-05	6e-05	0.00012	0.00012	0.00016	0.00022	0.00036	0.00096	0.0015	0.00386	0.01252	0.0335	0.07744	0.12972	0.15076	0.11804	0.06862	0.0315	0.0114	0.00468	0.0014	0.00048	0.00012	0.00012	4e-05	2e-05	2e-05	0.0	0.0	0.0	0.0	0.0	0.0	
4.4e-05  1200.0  1400.0  0.0	0.0	0.0	0.0	0.0	0.0	0.0	0.0	0.0	0.0	0.0	0.0	0.0	0.0	0.0	0.0	0.0	2e-05	4e-05	2e-05	0.0001	0.00014	2e-05	4e-05	4e-05	8e-05	0.0001	0.00022	0.0003	0.00054	0.00104	0.00268	0.0059	0.0157	0.03774	0.07458	0.11762	0.13536	0.1114	0.07076	0.03494	0.0153	0.00558	0.00214	0.00068	0.00024	6e-05	4e-05	2e-05	4e-05	2e-05	0.0	0.0	0.0	
1.7e-05  1400.0  1600.0  0.0	0.0	0.0	2e-05	0.0	0.0	2e-05	0.0	0.0	0.0	2e-05	0.0	0.0	2e-05	2e-05	2e-05	0.0	2e-05	0.0	6e-05	2e-05	2e-05	6e-05	4e-05	4e-05	4e-05	6e-05	8e-05	0.00016	0.00024	0.00056	0.00088	0.00198	0.00476	0.01158	0.02508	0.05022	0.08592	0.11432	0.11692	0.09236	0.0576	0.03196	0.0145	0.00618	0.00204	0.00082	0.00042	0.00014	0.0	0.0	2e-05	0.0	0.0	
6e-06  1600.0  1800.0  0.0	0.0	0.0	0.0	0.0	0.0	0.0	0.0	0.0	0.0	0.0	0.0	0.0	0.0	2e-05	4e-05	0.0	0.0	2e-05	0.0	0.0	0.0001	2e-05	2e-05	0.0001	4e-05	4e-05	4e-05	0.00014	0.00012	0.00014	0.00046	0.00126	0.0021	0.00486	0.00974	0.0213	0.03862	0.06844	0.0932	0.10388	0.0975	0.07302	0.04366	0.0235	0.01194	0.0049	0.00198	0.00128	0.0004	6e-05	8e-05	0.0	2e-05	
2e-06  1800.0  2000.0  0.0	0.0	0.0	0.0	0.0	0.0	0.0	0.0	0.0	0.0	2e-05	0.0	0.0	0.0	0.0	0.0	0.0	0.0	0.0	0.0	0.0	2e-05	6e-05	4e-05	0.0001	0.0	2e-05	6e-05	4e-05	0.0001	0.00022	0.0002	0.00056	0.00118	0.00232	0.00494	0.00958	0.01948	0.03604	0.05612	0.07892	0.09408	0.0924	0.07528	0.05328	0.0295	0.01658	0.00784	0.00342	0.0013	0.0007	0.0002	0.0002	4e-05	
1e-06  2000.0  2250.0  0.0	0.0	0.0	0.0	0.0	0.0	0.0	0.0	0.0	0.0	0.0	0.0	0.0	0.0	0.0	0.0	0.0	0.0	2e-05	0.0	2e-05	0.0	2e-05	4e-05	4e-05	0.00014	4e-05	0.00012	2e-05	0.0001	0.00012	0.00024	0.00026	0.00074	0.0017	0.00288	0.00574	0.01052	0.01996	0.0338	0.05114	0.07078	0.08224	0.08324	0.0728	0.05166	0.03638	0.022	0.01154	0.0052	0.00258	0.0011	0.00064	0.0002	
0.0  2250.0  2500.0  0.0	0.0	0.0	0.0	0.0	0.0	0.0	0.0	0.0	0.0	0.0	0.0	0.0	0.0	0.0	0.0	0.0	0.0	0.0	0.0	0.0	0.0	0.0	4e-05	2e-05	2e-05	4e-05	0.00014	4e-05	8e-05	2e-05	0.0002	0.00024	0.0005	0.0012	0.00198	0.0032	0.00644	0.01084	0.01896	0.03134	0.04528	0.06122	0.07056	0.0748	0.07018	0.05638	0.03954	0.02718	0.01594	0.00862	0.00372	0.00198	0.00104	
0.0  2500.0  2750.0  0.0	0.0	0.0	0.0	0.0	0.0	0.0	0.0	0.0	0.0	0.0	0.0	0.0	2e-05	0.0	0.0	0.0	2e-05	2e-05	2e-05	2e-05	2e-05	2e-05	4e-05	2e-05	6e-05	2e-05	6e-05	0.0	4e-05	2e-05	0.00012	0.00024	0.00048	0.00048	0.00108	0.00204	0.00332	0.00718	0.0118	0.01986	0.03058	0.04358	0.05492	0.06524	0.0673	0.06454	0.05456	0.04042	0.02768	0.01762	0.01012	0.00526	0.0026	
0.0  2750.0  3000.0  0.0	0.0	0.0	0.0	0.0	0.0	0.0	0.0	0.0	0.0	0.0	0.0	0.0	0.0	0.0	0.0	0.0	0.0	0.0	0.0	0.0	0.0	0.0	0.0	2e-05	4e-05	2e-05	0.0	2e-05	2e-05	0.00012	0.00018	0.00018	0.00034	0.00042	0.00094	0.00156	0.00254	0.0056	0.00842	0.01416	0.02172	0.03038	0.04112	0.05076	0.05852	0.06118	0.0571	0.05014	0.03814	0.02606	0.01912	0.01226	0.00638	
0.0  3000.0  3500.0  0.0	0.0	0.0	0.0	0.0	0.0	0.0	0.0	0.0	0.0	0.0	0.0	0.0	0.0	0.0	0.0	0.0	0.0	0.0	0.0	0.0	2e-05	2e-05	0.0	2e-05	0.0	0.0	6e-05	4e-05	6e-05	6e-05	0.0001	0.00016	0.00024	0.00042	0.0007	0.0012	0.00216	0.00366	0.00608	0.00986	0.01472	0.02186	0.03072	0.0405	0.04602	0.05268	0.05194	0.04998	0.04454	0.0357	0.0269	0.01892	0.0118	
0.0  3500.0  4000.0  0.0	0.0	0.0	0.0	0.0	0.0	0.0	0.0	0.0	0.0	0.0	0.0	0.0	0.0	0.0	0.0	0.0	0.0	0.0	0.0	0.0	0.0	2e-05	2e-05	0.0	0.0	2e-05	4e-05	2e-05	0.00012	8e-05	8e-05	0.00012	0.00014	0.00026	0.00058	0.00094	0.00148	0.00274	0.00408	0.00616	0.0109	0.01466	0.01958	0.0265	0.032	0.03822	0.0425	0.04378	0.0447	0.04082	0.03462	0.02796	0.02154	
0.0  4000.0  15000.0  0.0	0.0	0.0	0.0	0.0	0.0	0.0	0.0	0.0	0.0	0.0	0.0	0.0	0.0	0.0	0.0	0.0	0.0	0.0	0.0	2e-05	0.0	0.0	0.0	0.0	2e-05	0.0	0.0	2e-05	4e-05	6e-05	0.00012	4e-05	0.00024	0.00034	0.00024	0.00054	0.00112	0.0024	0.00346	0.0049	0.00766	0.01072	0.01526	0.01978	0.02506	0.03052	0.03256	0.03704	0.03728	0.03538	0.03502	0.03072	0.0262	
