#===============
# Experiment : ATLAS
# Search : 1906_05609
# ll~ : muvm
# qq~ : bc~
# FF  : vector
# XY  :  LL RR
# coef : 0 0
# type : W*S1 W*S3 W*U1 W*U3
# Nevs : 50000
#===============
#
# XSEC	BIN_MIN	BIN_MAX 	 Kij 
# 110.0 119.581 129.997 141.32 153.63 167.011 181.558 197.372 214.564 233.253 253.57 275.657 299.667 325.769 354.144 384.991 418.524 454.979 494.609 537.69 584.525 635.438 690.786 750.956 816.366 887.473 964.775 1048.81 1140.16 1239.47 1347.44 1464.8 1592.39 1731.09 1881.87 2045.79 2223.98 2417.69 2628.28 2857.21 3106.08 3376.63 3670.74 3990.47 4338.05 4715.91 5126.68 5573.22 6058.67 6586.39 7160.08 7783.74 8461.73 9198.76 10000.0 
0.17863  100.0  200.0  0.0004	0.00034	0.00074	0.0016	0.00348	0.0086	0.02186	0.05112	0.06948	0.07904	0.08076	0.08258	0.07952	0.07686	0.0643	0.03536	0.01132	0.00404	0.00144	0.0008	0.00042	0.0003	0.0001	0.0001	6e-05	0.0	0.0	0.0	0.0	0.0	0.0	0.0	0.0	0.0	0.0	0.0	0.0	0.0	0.0	0.0	0.0	0.0	0.0	0.0	0.0	0.0	0.0	0.0	0.0	0.0	0.0	0.0	0.0	0.0	
0.081396  200.0  300.0  8e-05	4e-05	6e-05	0.0	0.00014	0.00014	0.00018	0.00038	0.00036	0.00072	0.00126	0.00208	0.00366	0.00904	0.02476	0.08522	0.1308	0.13716	0.12892	0.10402	0.04746	0.0128	0.0039	0.00144	0.00074	0.00024	8e-05	0.0001	8e-05	6e-05	0.0	0.0	0.0	0.0	0.0	0.0	0.0	0.0	0.0	0.0	0.0	0.0	0.0	0.0	0.0	0.0	0.0	0.0	0.0	0.0	0.0	0.0	0.0	0.0	
0.040978  300.0  400.0  6e-05	2e-05	2e-05	6e-05	6e-05	6e-05	0.0	4e-05	8e-05	0.0001	0.00022	0.00034	0.00032	0.00062	0.00062	0.0014	0.00224	0.00512	0.01346	0.04518	0.13276	0.1811	0.16542	0.10074	0.0329	0.00858	0.0027	0.00076	0.00046	0.0001	4e-05	6e-05	0.0	0.0	0.0	0.0	0.0	0.0	0.0	0.0	0.0	0.0	0.0	0.0	0.0	0.0	0.0	0.0	0.0	0.0	0.0	0.0	0.0	0.0	
0.021892  400.0  500.0  4e-05	2e-05	0.0	0.0	0.0	0.0	0.0	4e-05	4e-05	6e-05	8e-05	0.00016	6e-05	0.00012	0.00034	0.00026	0.00034	0.00068	0.0013	0.00202	0.00422	0.01002	0.0357	0.1158	0.2029	0.18262	0.09954	0.02792	0.00762	0.00224	0.00068	0.00026	0.00014	8e-05	2e-05	0.0	0.0	0.0	0.0	0.0	0.0	0.0	0.0	0.0	0.0	0.0	0.0	0.0	0.0	0.0	0.0	0.0	0.0	0.0	
0.012174  500.0  600.0  0.0	0.0	0.0	0.0	0.0	2e-05	0.0	4e-05	0.0	0.0	2e-05	4e-05	2e-05	2e-05	0.00018	0.00016	0.00016	0.00024	0.00032	0.00056	0.00088	0.00126	0.0031	0.00616	0.018	0.06722	0.1791	0.2108	0.1336	0.04872	0.01174	0.00354	0.0013	0.00036	0.00016	0.00012	4e-05	0.0	2e-05	0.0	0.0	0.0	0.0	0.0	0.0	0.0	0.0	0.0	0.0	0.0	0.0	0.0	0.0	0.0	
0.006956  600.0  700.0  0.0	0.0	0.0	0.0	0.0	2e-05	0.0	2e-05	0.0	0.0	0.0	2e-05	6e-05	4e-05	2e-05	6e-05	0.00012	6e-05	0.00014	0.00026	0.00022	0.00038	0.00074	0.00158	0.00304	0.00626	0.01968	0.06984	0.16614	0.20702	0.13186	0.0497	0.01404	0.00442	0.00152	0.00058	0.00036	0.00016	8e-05	0.0	0.0	0.0	0.0	0.0	0.0	0.0	0.0	0.0	0.0	0.0	0.0	0.0	0.0	0.0	
0.004058  700.0  800.0  0.0	2e-05	2e-05	0.0	2e-05	0.0	2e-05	0.0	0.0	2e-05	2e-05	0.0	0.0	0.0	4e-05	4e-05	2e-05	6e-05	6e-05	0.0001	0.00022	0.00018	0.00034	0.00042	0.00128	0.00192	0.00372	0.00918	0.0313	0.09718	0.18094	0.18518	0.107	0.0382	0.01034	0.00316	0.001	0.00044	0.0003	6e-05	2e-05	2e-05	0.0	0.0	0.0	0.0	0.0	0.0	0.0	0.0	0.0	0.0	0.0	0.0	
0.002401  800.0  900.0  0.0	0.0	0.0	2e-05	4e-05	0.0	0.0	0.0	4e-05	0.0	0.0	0.0	2e-05	2e-05	4e-05	0.0001	4e-05	2e-05	0.00016	0.00016	4e-05	0.00012	0.00022	0.00018	0.0005	0.0009	0.00138	0.00238	0.0063	0.02008	0.061	0.13686	0.19008	0.14268	0.06862	0.02314	0.00682	0.00226	0.00064	0.00038	0.00014	2e-05	4e-05	0.0	0.0	0.0	0.0	0.0	0.0	0.0	0.0	0.0	0.0	0.0	
0.001435  900.0  1000.0  0.0	0.0	0.0	0.0	2e-05	0.0	0.0	0.0	0.0	2e-05	0.0	0.0	0.0	0.0	0.0	2e-05	2e-05	6e-05	0.0001	4e-05	0.0001	8e-05	8e-05	0.00014	0.00042	0.00042	0.00076	0.00092	0.0021	0.00506	0.01604	0.04804	0.10934	0.16882	0.1568	0.09258	0.03758	0.01288	0.0038	0.0014	0.00054	0.00024	8e-05	8e-05	0.0	0.0	0.0	0.0	0.0	2e-05	0.0	0.0	0.0	0.0	
0.001385  1000.0  1200.0  0.0	0.0	0.0	0.0	0.0	0.0	0.0	0.0	0.0	0.0	0.0	0.0	0.0	0.0	0.0	2e-05	0.0	4e-05	2e-05	2e-05	8e-05	8e-05	4e-05	6e-05	0.0001	0.00026	0.00018	0.00046	0.00098	0.00156	0.0045	0.01238	0.0349	0.07582	0.12814	0.14748	0.11986	0.07124	0.03156	0.01222	0.004	0.00142	0.00044	0.00016	2e-05	4e-05	4e-05	2e-05	2e-05	0.0	0.0	0.0	0.0	0.0	
0.000511  1200.0  1400.0  0.0	0.0	0.0	0.0	0.0	2e-05	0.0	0.0	0.0	0.0	0.0	0.0	2e-05	0.0	0.0	0.0	0.0	0.0	2e-05	0.0	2e-05	4e-05	4e-05	8e-05	0.00012	2e-05	0.00028	0.00012	0.00016	0.00028	0.00098	0.00274	0.00642	0.01672	0.0365	0.07716	0.1161	0.13428	0.11124	0.06966	0.03666	0.01592	0.006	0.00196	0.00092	0.00024	0.0001	8e-05	8e-05	0.0	0.0	0.0	0.0	0.0	
0.000191  1400.0  1600.0  0.0	2e-05	0.0	0.0	0.0	0.0	0.0	0.0	0.0	0.0	0.0	0.0	0.0	2e-05	4e-05	2e-05	0.0	0.0	4e-05	2e-05	2e-05	6e-05	4e-05	2e-05	4e-05	4e-05	2e-05	0.00014	0.00022	0.00022	0.00032	0.00086	0.0024	0.00472	0.01112	0.02628	0.05214	0.08358	0.10984	0.11488	0.08992	0.0596	0.03044	0.01502	0.00568	0.00272	0.00098	0.00026	0.0001	4e-05	2e-05	0.0	0.0	0.0	
7.1e-05  1600.0  1800.0  2e-05	0.0	0.0	0.0	0.0	0.0	0.0	0.0	0.0	0.0	0.0	0.0	0.0	0.0	0.0	0.0	0.0	0.0	0.0	0.0	2e-05	0.0	0.0	4e-05	2e-05	8e-05	8e-05	6e-05	0.00014	8e-05	8e-05	0.0004	0.00086	0.0022	0.00528	0.01082	0.0217	0.03918	0.06818	0.09382	0.10276	0.09804	0.0708	0.04472	0.02416	0.0115	0.00524	0.0022	0.00088	0.00046	0.00014	2e-05	0.0	0.0	
2.6e-05  1800.0  2000.0  0.0	0.0	0.0	2e-05	0.0	0.0	0.0	0.0	0.0	0.0	0.0	0.0	0.0	0.0	0.0	0.0	0.0	2e-05	0.0	2e-05	0.0	4e-05	0.0001	6e-05	6e-05	0.0	6e-05	2e-05	6e-05	4e-05	6e-05	0.00028	0.00056	0.00094	0.00272	0.00586	0.01104	0.02046	0.0358	0.05768	0.0788	0.09446	0.08858	0.07458	0.05166	0.03038	0.01716	0.00786	0.00398	0.0016	0.00056	0.00018	6e-05	8e-05	
1.1e-05  2000.0  2250.0  0.0	0.0	2e-05	0.0	0.0	0.0	0.0	0.0	0.0	0.0	0.0	0.0	0.0	0.0	0.0	0.0	0.0	2e-05	0.0	0.0	0.0	2e-05	2e-05	4e-05	2e-05	4e-05	4e-05	2e-05	0.0001	8e-05	0.00014	0.0003	0.00028	0.00084	0.00184	0.00322	0.00658	0.01108	0.02112	0.0342	0.05206	0.06654	0.08344	0.08244	0.07032	0.056	0.03622	0.0213	0.01172	0.00608	0.00298	0.00122	0.00036	0.00018	
3e-06  2250.0  2500.0  0.0	0.0	0.0	0.0	0.0	0.0	0.0	0.0	0.0	0.0	0.0	0.0	0.0	0.0	4e-05	0.0	0.0	4e-05	0.0	0.0	2e-05	0.0	0.0	0.0	0.0	8e-05	6e-05	0.0	8e-05	0.0	0.00012	0.0002	0.0003	0.00056	0.00118	0.00192	0.00382	0.00636	0.01194	0.01926	0.03044	0.04716	0.06034	0.07158	0.07354	0.0672	0.0561	0.04046	0.02696	0.01622	0.0079	0.00474	0.00192	0.00088	
1e-06  2500.0  2750.0  0.0	0.0	0.0	0.0	0.0	2e-05	0.0	0.0	0.0	0.0	0.0	0.0	0.0	0.0	0.0	0.0	0.0	0.0	2e-05	0.0	0.0	0.0	0.0	0.0	2e-05	4e-05	6e-05	4e-05	2e-05	0.00012	6e-05	0.00018	0.00022	0.00052	0.00078	0.00114	0.00226	0.00446	0.0084	0.01284	0.02112	0.03154	0.04432	0.05444	0.06278	0.06492	0.06088	0.05198	0.04012	0.02868	0.0169	0.00956	0.00628	0.00316	
0.0  2750.0  3000.0  0.0	0.0	0.0	0.0	0.0	0.0	0.0	0.0	0.0	0.0	0.0	0.0	0.0	0.0	0.0	0.0	0.0	2e-05	0.0	2e-05	0.0	4e-05	0.0	4e-05	2e-05	2e-05	0.0	2e-05	4e-05	6e-05	4e-05	0.00016	0.00028	0.00044	0.00078	0.00126	0.00198	0.00348	0.0054	0.00846	0.01478	0.0229	0.03146	0.042	0.05204	0.05606	0.06052	0.05568	0.04752	0.03892	0.02704	0.01788	0.01064	0.0066	
0.0  3000.0  3500.0  0.0	0.0	0.0	0.0	0.0	0.0	0.0	0.0	0.0	2e-05	0.0	0.0	0.0	0.0	0.0	0.0	0.0	0.0	0.0	0.0	0.0	2e-05	0.0	2e-05	0.0	4e-05	4e-05	2e-05	6e-05	6e-05	6e-05	0.00016	0.0002	0.0003	0.00044	0.00078	0.00152	0.00242	0.00396	0.00644	0.01022	0.01572	0.02318	0.02956	0.03926	0.04816	0.0524	0.052	0.05148	0.04518	0.03464	0.02674	0.01926	0.01322	
0.0  3500.0  4000.0  0.0	0.0	0.0	0.0	0.0	0.0	0.0	0.0	0.0	0.0	0.0	0.0	0.0	0.0	0.0	0.0	0.0	0.0	0.0	0.0	0.0	0.0	0.0	0.0	0.0	0.0	6e-05	2e-05	8e-05	4e-05	8e-05	0.00012	0.00016	0.00014	0.00024	0.00062	0.00106	0.00154	0.00274	0.00448	0.00674	0.01002	0.01406	0.0212	0.02568	0.03292	0.03894	0.0429	0.04282	0.04248	0.0388	0.03386	0.02712	0.02152	
0.0  4000.0  15000.0  0.0	0.0	0.0	0.0	0.0	0.0	0.0	0.0	0.0	0.0	0.0	0.0	0.0	0.0	0.0	0.0	0.0	0.0	0.0	0.0	0.0	2e-05	0.0	0.0	0.0	0.0	0.0	2e-05	4e-05	6e-05	8e-05	6e-05	0.0001	0.00016	0.0003	0.00046	0.00086	0.00114	0.00188	0.00314	0.00588	0.00768	0.01068	0.01552	0.01888	0.02566	0.02968	0.03548	0.0367	0.03662	0.03714	0.0341	0.03156	0.02596	
