#===============
# ll~ : tata
# qq~ : sd~
# FF  : dipole
# XY  : LL LR RL RR
# coef : 0 0 
# type : A*A
# Nevs : 50000
#===============
#
# XSEC	BIN_MIN	BIN_MAX 	 Kij 
#
4.8473  150.0  200.0  0.0	2e-05	2e-05	0.0	0.0	0.0	0.0	0.0	0.0	0.0	0.0	0.0	0.0	0.0	
2.574  200.0  250.0  2e-05	0.00082	0.00046	8e-05	0.0	2e-05	0.0	2e-05	0.0	0.0	0.0	0.0	0.0	0.0	
1.51518  250.0  300.0  4e-05	0.00176	0.01056	0.00146	0.00012	0.0	0.0	0.0	0.0	0.0	0.0	0.0	0.0	0.0	
0.95714  300.0  350.0  0.0	0.00166	0.0212	0.0153	0.00146	4e-05	4e-05	0.0	0.0	0.0	0.0	0.0	0.0	0.0	
0.63652  350.0  400.0  2e-05	0.00138	0.01972	0.02846	0.01462	0.00152	0.00012	2e-05	2e-05	0.0	0.0	0.0	0.0	0.0	
0.43992  400.0  450.0  2e-05	0.0013	0.01452	0.02568	0.02578	0.01282	0.00114	6e-05	2e-05	0.0	0.0	0.0	0.0	0.0	
0.31351  450.0  500.0  0.0	0.00086	0.01118	0.0206	0.02668	0.02314	0.0118	0.00144	4e-05	0.0	0.0	0.0	0.0	0.0	
0.39906  500.0  600.0  0.0	0.00056	0.00732	0.01526	0.02098	0.02328	0.02194	0.02026	0.00072	0.0	0.0	0.0	0.0	0.0	
0.22891  600.0  700.0  0.0	0.00024	0.00446	0.00974	0.01364	0.01736	0.02006	0.03892	0.016	0.00084	0.0	0.0	2e-05	0.0	
0.1388  700.0  800.0  0.0	0.00042	0.00288	0.006	0.00912	0.01222	0.01506	0.03382	0.03308	0.01354	0.00088	0.0	0.0	0.0	
0.08777  800.0  900.0  0.0	0.00018	0.00218	0.00414	0.00672	0.00848	0.01088	0.02718	0.03334	0.02864	0.01194	0.00076	6e-05	0.0	
0.05745  900.0  1000.0  0.0	6e-05	0.0015	0.00324	0.0044	0.00546	0.00768	0.02054	0.02576	0.03036	0.0265	0.01062	0.00094	6e-05	
0.05291  1000.0  1150.0  0.0	8e-05	0.00094	0.00216	0.00308	0.00444	0.0057	0.01506	0.01926	0.02336	0.0263	0.02212	0.0136	0.00064	
0.0803  1150.0  15000.0  0.0	2e-05	0.00024	0.00064	0.00124	0.00162	0.00244	0.00662	0.00964	0.01282	0.01636	0.0178	0.0262	0.0334	
