#===============
# ll~ : tata
# qq~ : ds~
# FF  : dipole
# XY  : LL LR RL RR
# coef : 0 0 
# type : A*Z
# Nevs : 50000
#===============
#
# XSEC	BIN_MIN	BIN_MAX 	 Kij 
#
7.68  150.0  200.0  0.0	2e-05	2e-05	0.0	0.0	2e-05	0.0	0.0	0.0	0.0	0.0	0.0	0.0	0.0	
3.5631  200.0  250.0  0.0	0.0003	0.0005	2e-05	2e-05	0.0	0.0	0.0	0.0	0.0	0.0	0.0	0.0	0.0	
2.0489  250.0  300.0  0.0	0.00166	0.00898	0.00118	6e-05	0.0	0.0	2e-05	0.0	0.0	0.0	0.0	0.0	0.0	
1.30888  300.0  350.0  2e-05	0.00188	0.01908	0.0135	0.00128	0.0	4e-05	0.0	0.0	0.0	0.0	0.0	0.0	0.0	
0.89038  350.0  400.0  0.0	0.0014	0.01608	0.02472	0.01324	0.00142	8e-05	0.0	0.0	0.0	0.0	0.0	0.0	0.0	
0.63326  400.0  450.0  0.0	0.001	0.0134	0.0224	0.02246	0.01164	0.00116	0.00012	2e-05	2e-05	0.0	0.0	0.0	0.0	
0.4655  450.0  500.0  0.0	0.00066	0.00994	0.01884	0.0234	0.02222	0.01084	0.0014	6e-05	0.0	0.0	0.0	0.0	0.0	
0.62072  500.0  600.0  0.0	0.00048	0.00618	0.01384	0.01846	0.02064	0.01994	0.01754	0.0006	4e-05	0.0	0.0	0.0	0.0	
0.37859  600.0  700.0  0.0	0.0002	0.00394	0.00866	0.01226	0.01558	0.01814	0.03888	0.0155	0.00062	4e-05	0.0	0.0	0.0	
0.24357  700.0  800.0  0.0	0.00016	0.00266	0.0052	0.00788	0.0109	0.01342	0.03274	0.03252	0.01442	0.0008	8e-05	0.0	0.0	
0.1628  800.0  900.0  0.0	6e-05	0.0015	0.00404	0.0059	0.00852	0.00942	0.0261	0.03064	0.02918	0.01124	0.00072	2e-05	2e-05	
0.11238  900.0  1000.0  0.0	8e-05	0.00114	0.00232	0.0042	0.0056	0.00766	0.02028	0.02574	0.02668	0.02578	0.01016	0.00094	2e-05	
0.11017  1000.0  1150.0  0.0	0.00012	0.0005	0.00184	0.00338	0.0039	0.00556	0.01434	0.0195	0.0239	0.0253	0.02258	0.0128	0.00068	
0.20304  1150.0  15000.0  0.0	0.0	0.0002	0.0007	0.00108	0.00182	0.00254	0.00612	0.00934	0.01142	0.01556	0.01634	0.02438	0.0358	
