#===============
# ll~ : tata
# qq~ : db~
# FF  : dipole
# XY  : LL LR RL RR
# coef : 0 0 
# type : A*Z
# Nevs : 50000
#===============
#
# XSEC	BIN_MIN	BIN_MAX 	 Kij 
#
4.357  150.0  200.0  0.0	0.0	0.0001	2e-05	0.0	2e-05	0.0	0.0	0.0	0.0	0.0	0.0	0.0	0.0	
2.0119  200.0  250.0  0.0	0.00042	0.0004	0.0	4e-05	0.0	0.0	0.0	0.0	0.0	0.0	0.0	0.0	0.0	
1.15103  250.0  300.0  0.0	0.00134	0.00832	0.00118	2e-05	0.0	2e-05	0.0	0.0	0.0	0.0	0.0	0.0	0.0	
0.72997  300.0  350.0  0.0	0.00108	0.0141	0.0111	0.00102	6e-05	2e-05	2e-05	0.0	0.0	0.0	0.0	0.0	0.0	
0.49272  350.0  400.0  0.0	0.00086	0.01342	0.0193	0.00974	0.00112	0.00014	0.0	2e-05	0.0	0.0	0.0	0.0	0.0	
0.34792  400.0  450.0  0.0	0.00092	0.00912	0.01818	0.018	0.00944	0.0012	0.00016	0.0	0.0	0.0	0.0	0.0	0.0	
0.25364  450.0  500.0  0.0	0.00074	0.00712	0.016	0.01732	0.01646	0.00884	0.00124	8e-05	0.0	0.0	0.0	0.0	0.0	
0.33471  500.0  600.0  0.0	0.00044	0.00536	0.01056	0.01436	0.01756	0.01562	0.01434	0.00074	2e-05	0.0	0.0	0.0	0.0	
0.20098  600.0  700.0  0.0	0.00022	0.00328	0.00664	0.00974	0.01228	0.01376	0.02796	0.01232	0.00078	0.0001	0.0	0.0	2e-05	
0.12735  700.0  800.0  2e-05	0.00012	0.00198	0.0038	0.0061	0.00936	0.01078	0.02504	0.02522	0.0105	0.00054	0.0	2e-05	0.0	
0.08388  800.0  900.0  0.0	6e-05	0.00142	0.003	0.00404	0.00642	0.00816	0.01894	0.02374	0.02152	0.00968	0.00058	4e-05	0.0	
0.05706  900.0  1000.0  0.0	2e-05	0.00088	0.00216	0.00328	0.0046	0.00528	0.01584	0.0202	0.02168	0.01982	0.0074	0.00068	2e-05	
0.05509  1000.0  1150.0  0.0	4e-05	0.00062	0.00132	0.00256	0.00316	0.0042	0.01106	0.01484	0.01846	0.01924	0.01804	0.01126	0.00066	
0.09632  1150.0  15000.0  0.0	4e-05	0.00036	0.00056	0.00072	0.00114	0.002	0.00552	0.0071	0.00882	0.0104	0.01238	0.01946	0.02478	
