#===============
# ll~ : tata
# qq~ : dd~
# FF  : dipole
# XY  : LL LR RL RR
# coef : 0 0 
# type : A*Z
# Nevs : 50000
#===============
#
# XSEC	BIN_MIN	BIN_MAX 	 Kij 
#
18.2552  150.0  200.0  2e-05	0.0	0.0	0.0	0.0	0.0	0.0	0.0	0.0	0.0	0.0	0.0	0.0	0.0	
8.6261  200.0  250.0  0.0	0.00058	0.00034	4e-05	0.0	0.0	0.0	0.0	0.0	0.0	0.0	0.0	0.0	0.0	
5.0628  250.0  300.0  0.0	0.00166	0.00948	0.00134	2e-05	0.0	0.0	0.0	0.0	0.0	0.0	0.0	0.0	0.0	
3.295  300.0  350.0  0.0	0.00166	0.01936	0.01416	0.00124	4e-05	8e-05	2e-05	0.0	0.0	0.0	0.0	0.0	0.0	
2.2845  350.0  400.0  0.0	0.00128	0.0172	0.02544	0.01318	0.00136	0.0001	2e-05	0.0	0.0	0.0	0.0	0.0	0.0	
1.65412  400.0  450.0  0.0	0.00096	0.01406	0.02344	0.02318	0.01226	0.00128	0.0001	0.0	0.0	0.0	0.0	0.0	0.0	
1.23658  450.0  500.0  0.0	0.00072	0.01026	0.01962	0.02456	0.02278	0.01062	0.00166	4e-05	0.0	0.0	0.0	0.0	0.0	
1.69268  500.0  600.0  0.0	0.00034	0.00662	0.0141	0.01876	0.0215	0.02052	0.01932	0.0007	2e-05	2e-05	2e-05	0.0	0.0	
1.06791  600.0  700.0  0.0	0.00042	0.005	0.00974	0.01268	0.01674	0.01944	0.03796	0.01542	0.00074	0.0	0.0	0.0	0.0	
0.70932  700.0  800.0  0.0	0.00014	0.00232	0.00618	0.00942	0.01122	0.01312	0.0333	0.0323	0.0137	0.0007	2e-05	2e-05	0.0	
0.48937  800.0  900.0  0.0	0.00014	0.00186	0.0043	0.00638	0.00804	0.0103	0.02642	0.03046	0.02942	0.01272	0.00082	2e-05	0.0	
0.34753  900.0  1000.0  0.0	6e-05	0.00138	0.00236	0.00404	0.00612	0.00676	0.01984	0.02564	0.02874	0.02532	0.01106	0.00076	4e-05	
0.3524  1000.0  1150.0  0.0	6e-05	0.00068	0.00168	0.00304	0.00406	0.00502	0.01488	0.01904	0.02434	0.02622	0.0232	0.01418	0.00074	
0.70757  1150.0  15000.0  0.0	0.0	0.00032	0.00062	0.00116	0.00154	0.00196	0.00692	0.00948	0.01232	0.01434	0.0161	0.02572	0.03434	
