#===============
# ll~ : tata
# qq~ : ss~
# FF  : dipole
# XY  : LL LR RL RR
# coef : 0 0 
# type : Z*Z
# Nevs : 50000
#===============
#
# XSEC	BIN_MIN	BIN_MAX 	 Kij 
#
5.069  150.0  200.0  0.0	0.0	0.0	0.0	0.0	0.0	0.0	0.0	0.0	0.0	0.0	0.0	0.0	0.0	
1.9106  200.0  250.0  0.0	0.00064	0.00048	4e-05	0.0	0.0	0.0	0.0	0.0	0.0	0.0	0.0	0.0	0.0	
0.95806  250.0  300.0  0.0	0.00214	0.0104	0.00148	4e-05	0.0	0.0	0.0	0.0	0.0	0.0	0.0	0.0	0.0	
0.55074  300.0  350.0  0.0	0.00178	0.02044	0.0146	0.00146	8e-05	2e-05	2e-05	0.0	0.0	0.0	0.0	0.0	0.0	
0.3432  350.0  400.0  2e-05	0.00172	0.01846	0.02596	0.0136	0.0014	2e-05	4e-05	0.0	0.0	0.0	0.0	0.0	0.0	
0.2261  400.0  450.0  4e-05	0.0009	0.01456	0.0259	0.02484	0.01298	0.00142	0.00016	0.0	2e-05	0.0	0.0	0.0	0.0	
0.15528  450.0  500.0  0.0	0.00098	0.01034	0.02148	0.02468	0.0237	0.01152	0.0014	0.0	0.0	0.0	0.0	0.0	0.0	
0.1902  500.0  600.0  0.0	0.0007	0.00738	0.01514	0.0185	0.02234	0.02192	0.01888	0.00066	2e-05	0.0	0.0	0.0	0.0	
0.10423  600.0  700.0  0.0	0.00028	0.00434	0.00902	0.01338	0.01738	0.01908	0.03856	0.0159	0.00078	8e-05	0.0	2e-05	0.0	
0.06104  700.0  800.0  0.0	0.00024	0.00292	0.0064	0.0089	0.0118	0.01416	0.03344	0.0338	0.01342	0.00092	8e-05	0.0	0.0	
0.03753  800.0  900.0  0.0	4e-05	0.00168	0.00462	0.00634	0.0082	0.00984	0.02682	0.0319	0.02766	0.01178	0.00064	0.0001	2e-05	
0.02397  900.0  1000.0  0.0	6e-05	0.0013	0.00286	0.00474	0.00612	0.0079	0.02046	0.02544	0.02804	0.02624	0.0107	0.001	0.0	
0.02161  1000.0  1150.0  0.0	8e-05	0.00076	0.00246	0.00296	0.00454	0.00582	0.01454	0.0187	0.02254	0.02468	0.02338	0.0134	0.00054	
0.03151  1150.0  15000.0  0.0	0.0	0.0004	0.00082	0.00132	0.0018	0.00256	0.0069	0.00978	0.0126	0.01478	0.01748	0.02702	0.03222	
