#===============
# ll~ : tata
# qq~ : bb~
# FF  : dipole
# XY  : LL LR RL RR
# coef : 0 0 
# type : Z*Z
# Nevs : 50000
#===============
#
# XSEC	BIN_MIN	BIN_MAX 	 Kij 
#
1.26749  150.0  200.0  0.0	2e-05	0.0	0.0	0.0	0.0	0.0	0.0	0.0	0.0	0.0	0.0	0.0	0.0	
0.471  200.0  250.0  0.0	0.00042	0.00038	4e-05	0.0	0.0	2e-05	0.0	0.0	0.0	0.0	0.0	0.0	0.0	
0.23214  250.0  300.0  0.0	0.00162	0.00792	0.00112	4e-05	2e-05	2e-05	0.0	0.0	0.0	0.0	0.0	0.0	0.0	
0.13087  300.0  350.0  0.0	0.00134	0.01444	0.01184	0.00126	8e-05	2e-05	0.0	0.0	0.0	0.0	0.0	0.0	0.0	
0.07993  350.0  400.0  0.0	0.00116	0.01388	0.01988	0.01038	0.00108	8e-05	2e-05	2e-05	0.0	0.0	0.0	0.0	0.0	
0.05168  400.0  450.0  0.0	0.0008	0.01006	0.01664	0.0176	0.00882	0.00108	0.00016	4e-05	0.0	0.0	0.0	0.0	0.0	
0.03481  450.0  500.0  0.0	0.00066	0.00836	0.01338	0.01764	0.0155	0.00764	0.00106	2e-05	2e-05	0.0	0.0	0.0	0.0	
0.0414  500.0  600.0  0.0	0.00048	0.00504	0.01012	0.0143	0.0157	0.01522	0.01278	0.0006	0.0	4e-05	0.0	0.0	0.0	
0.02185  600.0  700.0  0.0	0.0002	0.00328	0.00676	0.00948	0.01056	0.01362	0.02572	0.01124	0.00034	0.0	2e-05	0.0	0.0	
0.01233  700.0  800.0  0.0	0.00016	0.0021	0.00422	0.00566	0.00762	0.00924	0.02258	0.02278	0.00888	0.00066	6e-05	0.0	0.0	
0.00731  800.0  900.0  0.0	8e-05	0.00138	0.00226	0.00378	0.00532	0.0065	0.01748	0.02048	0.01978	0.00712	0.00074	6e-05	0.0	
0.00451  900.0  1000.0  0.0	0.00018	0.0008	0.00236	0.00294	0.00366	0.0049	0.01276	0.01676	0.0199	0.01688	0.0068	0.0007	0.0	
0.00391  1000.0  1150.0  0.0	2e-05	0.0005	0.00132	0.002	0.00278	0.00376	0.00938	0.01376	0.01542	0.01684	0.01482	0.00924	0.00026	
0.00503  1150.0  15000.0  0.0	0.0	0.0001	0.00062	0.00098	0.00114	0.00162	0.00476	0.0069	0.00958	0.01028	0.01214	0.01764	0.02098	
