#===============
# ll~ : tata
# qq~ : bd~
# FF  : dipole
# XY  : LL LR RL RR
# coef : 0 0 
# type : A*Z
# Nevs : 50000
#===============
#
# XSEC	BIN_MIN	BIN_MAX 	 Kij 
#
2.0331  150.0  200.0  0.0	2e-05	2e-05	2e-05	0.0	0.0	0.0	0.0	0.0	0.0	0.0	0.0	0.0	0.0	
0.87279  200.0  250.0  0.0	0.00062	0.00054	6e-05	0.0	0.0	0.0	0.0	0.0	0.0	0.0	0.0	0.0	0.0	
0.46831  250.0  300.0  0.0	0.002	0.01004	0.00142	0.0001	6e-05	0.0	0.0	0.0	0.0	0.0	0.0	0.0	0.0	
0.28048  300.0  350.0  0.0	0.00146	0.0177	0.01264	0.00132	4e-05	0.0	0.0	2e-05	0.0	0.0	0.0	0.0	0.0	
0.17959  350.0  400.0  0.0	0.00114	0.01632	0.02218	0.01256	0.00112	6e-05	4e-05	2e-05	0.0	2e-05	0.0	0.0	0.0	
0.12066  400.0  450.0  0.0	0.00102	0.0125	0.01958	0.02018	0.00978	0.0013	0.00014	0.0	2e-05	0.0	0.0	0.0	0.0	
0.08394  450.0  500.0  0.0	0.00088	0.01004	0.01754	0.02048	0.0203	0.00962	0.0009	2e-05	0.0	2e-05	0.0	0.0	0.0	
0.1038  500.0  600.0  0.0	0.00046	0.00646	0.01216	0.01644	0.01936	0.01806	0.01404	0.0005	6e-05	0.0	0.0	0.0	0.0	
0.05744  600.0  700.0  0.0	0.00032	0.00408	0.00852	0.01072	0.01358	0.01556	0.03208	0.01278	0.00062	6e-05	0.0	0.0	0.0	
0.03369  700.0  800.0  0.0	0.00018	0.00218	0.00536	0.00802	0.00942	0.01184	0.02706	0.02786	0.011	0.00054	2e-05	0.0	0.0	
0.02066  800.0  900.0  0.0	4e-05	0.00166	0.0034	0.00494	0.00624	0.0093	0.02092	0.0259	0.02268	0.00952	0.00048	8e-05	0.0	
0.01311  900.0  1000.0  0.0	0.00012	0.00096	0.00278	0.00372	0.00446	0.00594	0.01664	0.02034	0.02342	0.02112	0.0081	0.00088	8e-05	
0.01166  1000.0  1150.0  0.0	4e-05	0.00088	0.0021	0.00244	0.0038	0.00394	0.01186	0.0161	0.01898	0.02062	0.01884	0.01068	0.0003	
0.01579  1150.0  15000.0  0.0	2e-05	0.00014	0.00068	0.00094	0.00208	0.0021	0.00616	0.0077	0.01106	0.01286	0.01366	0.0227	0.02594	
