#===============
# ll~ : tata
# qq~ : sd~
# FF  : dipole
# XY  : LL LR RL RR
# coef : 0 0 
# type : Z*Z
# Nevs : 50000
#===============
#
# XSEC	BIN_MIN	BIN_MAX 	 Kij 
#
3.3771  150.0  200.0  2e-05	0.0	2e-05	4e-05	0.0	0.0	0.0	0.0	0.0	0.0	0.0	0.0	0.0	0.0	
1.31118  200.0  250.0  0.0	0.00052	0.00052	0.0	2e-05	0.0	0.0	0.0	0.0	0.0	0.0	0.0	0.0	0.0	
0.67427  250.0  300.0  2e-05	0.00198	0.01042	0.00134	2e-05	0.0	0.0	0.0	0.0	0.0	0.0	0.0	0.0	0.0	
0.39671  300.0  350.0  2e-05	0.00156	0.02144	0.0157	0.00144	8e-05	2e-05	0.0	0.0	0.0	0.0	0.0	0.0	0.0	
0.25235  350.0  400.0  2e-05	0.00142	0.01862	0.02864	0.01362	0.00136	8e-05	2e-05	0.0	0.0	0.0	0.0	0.0	0.0	
0.1696  400.0  450.0  2e-05	0.00098	0.0149	0.02612	0.02486	0.0127	0.0014	0.00026	2e-05	0.0	2e-05	0.0	0.0	0.0	
0.11854  450.0  500.0  0.0	0.00088	0.01082	0.0208	0.02542	0.0234	0.01142	0.0016	4e-05	0.0	0.0	0.0	0.0	0.0	
0.14809  500.0  600.0  0.0	0.00074	0.00736	0.0156	0.02	0.0229	0.0224	0.0203	0.00062	8e-05	0.0	0.0	0.0	0.0	
0.08356  600.0  700.0  0.0	0.00036	0.0046	0.00926	0.01386	0.01788	0.01908	0.0388	0.01492	0.00078	2e-05	2e-05	0.0	0.0	
0.05014  700.0  800.0  0.0	0.00024	0.0032	0.00642	0.00984	0.01206	0.01558	0.03376	0.03368	0.0144	0.0006	4e-05	0.0	0.0	
0.03149  800.0  900.0  0.0	0.00016	0.00194	0.00384	0.00606	0.00856	0.01158	0.02718	0.03136	0.02762	0.01174	0.0007	2e-05	0.0	
0.02051  900.0  1000.0  0.0	0.00016	0.00128	0.00356	0.00436	0.00588	0.00818	0.02194	0.02668	0.02978	0.02662	0.01034	0.00074	2e-05	
0.01882  1000.0  1150.0  0.0	8e-05	0.00082	0.002	0.0035	0.0047	0.00578	0.01484	0.02076	0.02308	0.0261	0.02332	0.0139	0.0007	
0.02839  1150.0  15000.0  0.0	2e-05	0.00042	0.00082	0.00126	0.0021	0.00262	0.00716	0.00988	0.01342	0.01586	0.01826	0.02664	0.03232	
