#===============
# ll~ : tata
# qq~ : bd~
# FF  : dipole
# XY  : LL LR RL RR
# coef : 0 0 
# type : Z*Z
# Nevs : 50000
#===============
#
# XSEC	BIN_MIN	BIN_MAX 	 Kij 
#
1.74168  150.0  200.0  0.0	0.0	0.0	0.0	0.0	0.0	0.0	0.0	0.0	0.0	0.0	0.0	0.0	0.0	
0.67029  200.0  250.0  0.0	0.00038	0.00046	0.0	2e-05	0.0	4e-05	0.0	0.0	2e-05	0.0	0.0	0.0	0.0	
0.34083  250.0  300.0  2e-05	0.00124	0.00956	0.00142	4e-05	2e-05	0.0	0.0	0.0	0.0	0.0	0.0	0.0	0.0	
0.19801  300.0  350.0  0.0	0.00154	0.01858	0.0144	0.00096	2e-05	0.0	0.0	2e-05	0.0	0.0	0.0	0.0	0.0	
0.12445  350.0  400.0  0.0	0.00146	0.0155	0.0238	0.01206	0.00106	8e-05	0.0	4e-05	0.0	0.0	0.0	0.0	0.0	
0.08258  400.0  450.0  0.0	0.00096	0.01232	0.02116	0.02236	0.01016	0.00126	2e-05	2e-05	0.0	0.0	0.0	0.0	0.0	
0.05694  450.0  500.0  0.0	0.00078	0.00936	0.01818	0.02034	0.02048	0.00948	0.0013	2e-05	2e-05	0.0	0.0	2e-05	0.0	
0.06982  500.0  600.0  0.0	0.00056	0.00666	0.01384	0.01656	0.0192	0.01778	0.01576	0.00072	2e-05	2e-05	2e-05	0.0	0.0	
0.03835  600.0  700.0  0.0	0.00026	0.00326	0.00788	0.01034	0.01334	0.01494	0.03144	0.01362	0.0005	0.0	0.0	0.0	2e-05	
0.02239  700.0  800.0  0.0	0.00016	0.00246	0.00466	0.00712	0.01	0.0119	0.02782	0.025	0.01144	0.00068	4e-05	0.0	0.0	
0.01369  800.0  900.0  0.0	0.00022	0.00186	0.00338	0.00488	0.00692	0.00888	0.02114	0.0257	0.02326	0.01	0.00058	0.0	0.0	
0.00866  900.0  1000.0  0.0	8e-05	0.00098	0.0022	0.0037	0.00538	0.00646	0.01678	0.02232	0.0235	0.02144	0.00794	0.00076	4e-05	
0.00769  1000.0  1150.0  0.0	8e-05	0.00082	0.00154	0.00264	0.00382	0.00436	0.01188	0.01622	0.01868	0.01972	0.0186	0.0119	0.00054	
0.01039  1150.0  15000.0  0.0	0.0	0.0003	0.00054	0.00112	0.00184	0.00214	0.0056	0.00868	0.01038	0.01288	0.01466	0.0224	0.02644	
