#===============
# ll~ : tata
# qq~ : ds~
# FF  : dipole
# XY  : LL LR RL RR
# coef : 0 0 
# type : A*A
# Nevs : 50000
#===============
#
# XSEC	BIN_MIN	BIN_MAX 	 Kij 
#
9.4737  150.0  200.0  0.0	0.0	0.0	0.0	0.0	0.0	0.0	0.0	0.0	0.0	0.0	0.0	0.0	0.0	
5.3733  200.0  250.0  0.0	0.00068	0.0006	0.0	0.0	0.0	0.0	0.0	0.0	0.0	0.0	0.0	0.0	0.0	
3.3528  250.0  300.0  2e-05	0.00166	0.00952	0.0012	6e-05	2e-05	2e-05	2e-05	0.0	0.0	0.0	0.0	0.0	0.0	
2.2318  300.0  350.0  4e-05	0.00164	0.01856	0.01318	0.00142	6e-05	0.0	0.0	2e-05	2e-05	0.0	0.0	0.0	0.0	
1.55617  350.0  400.0  2e-05	0.0012	0.0171	0.02474	0.01294	0.0013	4e-05	6e-05	0.0	2e-05	0.0	0.0	0.0	0.0	
1.12417  400.0  450.0  2e-05	0.00118	0.01336	0.02188	0.023	0.01274	0.0012	0.0001	4e-05	0.0	0.0	0.0	0.0	0.0	
0.83542  450.0  500.0  0.0	0.0006	0.00948	0.01914	0.0225	0.02196	0.01138	0.00156	2e-05	0.0	0.0	0.0	0.0	0.0	
1.12498  500.0  600.0  0.0	0.00048	0.0071	0.0134	0.01864	0.02082	0.02104	0.01836	0.00062	2e-05	0.0	0.0	0.0	0.0	
0.69238  600.0  700.0  0.0	0.00026	0.00438	0.0085	0.01284	0.01568	0.01924	0.03962	0.01608	0.00086	4e-05	2e-05	0.0	0.0	
0.448  700.0  800.0  0.0	0.00022	0.00298	0.00564	0.0086	0.01176	0.01348	0.033	0.0323	0.01418	0.00062	4e-05	2e-05	0.0	
0.30062  800.0  900.0  0.0	0.00022	0.00168	0.00398	0.00514	0.0079	0.00984	0.02496	0.03034	0.02736	0.0115	0.00072	0.00012	2e-05	
0.208  900.0  1000.0  0.0	0.0001	0.00126	0.0025	0.00454	0.00516	0.00738	0.01988	0.0258	0.0284	0.02476	0.00992	0.00084	6e-05	
0.20437  1000.0  1150.0  0.0	2e-05	0.00072	0.002	0.00266	0.00416	0.00492	0.01512	0.019	0.0241	0.02658	0.02296	0.01356	0.00048	
0.37756  1150.0  15000.0  0.0	6e-05	0.00034	0.0008	0.00112	0.00172	0.00216	0.0065	0.0091	0.01224	0.01338	0.0161	0.0253	0.03514	
