#===============
# ll~ : tata
# qq~ : bb~
# FF  : dipole
# XY  : LL LR RL RR
# coef : 0 0 
# type : A*Z
# Nevs : 50000
#===============
#
# XSEC	BIN_MIN	BIN_MAX 	 Kij 
#
1.4811  150.0  200.0  0.0	0.0	2e-05	0.0	0.0	0.0	0.0	0.0	0.0	0.0	0.0	0.0	0.0	0.0	
0.61321  200.0  250.0  4e-05	0.0007	0.00052	6e-05	0.0	0.0	0.0	0.0	0.0	0.0	0.0	0.0	0.0	0.0	
0.31884  250.0  300.0  0.0	0.0015	0.00768	0.00096	0.0	2e-05	0.0	0.0	0.0	0.0	0.0	0.0	0.0	0.0	
0.18534  300.0  350.0  0.0	0.00182	0.0165	0.01152	0.00122	2e-05	2e-05	0.0	2e-05	0.0	0.0	0.0	0.0	0.0	
0.11535  350.0  400.0  2e-05	0.0014	0.0131	0.0186	0.00966	0.00102	8e-05	6e-05	0.0	4e-05	0.0	2e-05	0.0	0.0	
0.07553  400.0  450.0  2e-05	0.00086	0.01026	0.01852	0.01792	0.00864	0.00152	8e-05	4e-05	0.0	0.0	0.0	0.0	0.0	
0.0513  450.0  500.0  0.0	0.00056	0.0084	0.01434	0.018	0.01594	0.00746	0.0013	6e-05	2e-05	0.0	0.0	0.0	0.0	
0.06155  500.0  600.0  0.0	0.00026	0.00484	0.01074	0.01408	0.01566	0.01446	0.01294	0.00062	0.0	2e-05	0.0	0.0	0.0	
0.03272  600.0  700.0  0.0	0.00026	0.00318	0.00652	0.00814	0.0113	0.01288	0.025	0.01064	0.00066	4e-05	2e-05	0.0	0.0	
0.01855  700.0  800.0  0.0	0.00018	0.00214	0.00414	0.0068	0.0079	0.00918	0.02202	0.02248	0.00834	0.00036	6e-05	2e-05	0.0	
0.01104  800.0  900.0  0.0	8e-05	0.0015	0.00278	0.00406	0.00482	0.00676	0.0177	0.0204	0.01866	0.0075	0.00066	4e-05	2e-05	
0.00682  900.0  1000.0  0.0	4e-05	0.00094	0.00218	0.00324	0.004	0.00502	0.01248	0.01762	0.01986	0.01648	0.0068	0.00058	0.0	
0.00592  1000.0  1150.0  0.0	2e-05	0.00064	0.00156	0.00224	0.00268	0.00392	0.0098	0.01342	0.01688	0.01656	0.0145	0.00906	0.0004	
0.00765  1150.0  15000.0  0.0	0.0	0.0002	0.00054	0.00058	0.001	0.00166	0.00476	0.00744	0.00878	0.01036	0.01138	0.01786	0.02148	
