#===============
# ll~ : tata
# qq~ : bs~
# FF  : scalar
# XY  : LL LR RL RR
# coef : 0 0
# type : Reg*Reg
# Nevs : 50000
#===============
#
# XSEC	BIN_MIN	BIN_MAX 	 Kij 
#
3.3847  150.0  200.0  0.0	2e-05	4e-05	0.0	0.0	0.0	0.0	0.0	0.0	0.0	0.0	0.0	0.0	0.0	
2.888  200.0  250.0  2e-05	0.00058	0.00046	6e-05	0.0	2e-05	0.0	0.0	0.0	0.0	0.0	0.0	0.0	0.0	
2.4612  250.0  300.0  0.0	0.0014	0.00644	0.00084	2e-05	0.0	0.0	0.0	0.0	0.0	0.0	0.0	0.0	0.0	
2.1037  300.0  350.0  2e-05	0.0013	0.01384	0.01012	0.00122	6e-05	0.0001	0.0	0.0	0.0	0.0	0.0	0.0	0.0	
1.80394  350.0  400.0  0.0	0.00134	0.01294	0.0175	0.00898	0.00066	0.0001	0.0	0.0	0.0	0.0	0.0	0.0	0.0	
1.55425  400.0  450.0  0.0	0.00114	0.0112	0.01752	0.01516	0.00748	0.00118	6e-05	4e-05	0.0	2e-05	0.0	0.0	0.0	
1.34274  450.0  500.0  0.0	0.00086	0.00904	0.01446	0.01684	0.0146	0.00704	0.00086	4e-05	0.0	0.0	0.0	0.0	0.0	
2.1758  500.0  600.0  0.0	0.00068	0.00726	0.0123	0.0146	0.01354	0.0134	0.01188	0.00046	0.0	2e-05	0.0	0.0	0.0	
1.65823  600.0  700.0  0.0	0.00044	0.00424	0.00846	0.01088	0.01284	0.01272	0.02384	0.0097	0.00036	2e-05	2e-05	0.0	0.0	
1.27607  700.0  800.0  0.0	0.0002	0.0031	0.00676	0.0084	0.00928	0.01046	0.02242	0.02084	0.00794	0.0005	8e-05	0.0	4e-05	
0.99138  800.0  900.0  0.0	0.00012	0.00252	0.00464	0.00614	0.00764	0.00888	0.02036	0.02124	0.0189	0.00668	0.00054	4e-05	2e-05	
0.77586  900.0  1000.0  0.0	0.0002	0.00172	0.00324	0.0043	0.0057	0.00686	0.01598	0.0185	0.01892	0.01444	0.00618	0.00058	4e-05	
0.86769  1000.0  1150.0  0.0	4e-05	0.00108	0.0026	0.00342	0.00478	0.00518	0.01246	0.01472	0.01736	0.01748	0.01362	0.00756	0.00056	
2.2424  1150.0  15000.0  0.0	0.0	0.00046	0.00124	0.00186	0.00226	0.00282	0.00642	0.00796	0.00904	0.01038	0.01008	0.01542	0.0237	
