#===============
# ll~ : tata
# qq~ : bb~
# FF  : vector
# XY  : LL RR  
# coef : 0 0
# type : Reg*Reg
# Nevs : 50000
#===============
#
# XSEC	BIN_MIN	BIN_MAX 	 Kij 
#
2.2542  150.0  200.0  0.0	0.0	2e-05	2e-05	2e-05	2e-05	0.0	0.0	0.0	0.0	0.0	0.0	0.0	0.0	
1.91887  200.0  250.0  0.0	0.00018	0.00034	6e-05	2e-05	0.0	0.0	0.0	0.0	0.0	0.0	0.0	0.0	0.0	
1.62908  250.0  300.0  0.0	0.00084	0.0046	0.00048	4e-05	2e-05	0.0	2e-05	0.0	2e-05	0.0	0.0	0.0	0.0	
1.384  300.0  350.0  0.0	0.00084	0.0103	0.00738	0.00056	2e-05	0.0	0.0	0.0	0.0	0.0	0.0	0.0	0.0	
1.17921  350.0  400.0  0.0	0.00092	0.01038	0.01274	0.00588	0.00084	4e-05	2e-05	2e-05	0.0	0.0	0.0	0.0	0.0	
1.00815  400.0  450.0  0.0	0.00064	0.00852	0.0128	0.01132	0.00488	0.00072	0.0	0.0	0.0	0.0	0.0	0.0	0.0	
0.86628  450.0  500.0  2e-05	0.00074	0.0072	0.01174	0.01202	0.01074	0.0043	0.00082	2e-05	0.0	0.0	0.0	0.0	0.0	
1.39131  500.0  600.0  0.0	0.00042	0.00576	0.00906	0.01068	0.0119	0.00922	0.00842	0.00034	2e-05	0.0	0.0	0.0	0.0	
1.04677  600.0  700.0  0.0	0.00036	0.0039	0.00672	0.0089	0.0095	0.0099	0.01624	0.00678	0.00026	0.0	0.0	0.0	2e-05	
0.79714  700.0  800.0  0.0	0.0003	0.00288	0.0056	0.00646	0.008	0.00912	0.01638	0.01412	0.00574	0.00042	2e-05	2e-05	0.0	
0.6124  800.0  900.0  0.0	0.00026	0.0021	0.00408	0.00564	0.006	0.0065	0.01524	0.01534	0.0114	0.00456	0.0003	0.0	0.0	
0.47505  900.0  1000.0  0.0	0.00012	0.0019	0.00304	0.00452	0.00554	0.0057	0.01324	0.0134	0.01356	0.0099	0.00442	0.00036	4e-05	
0.52553  1000.0  1150.0  0.0	0.00022	0.0012	0.00252	0.0032	0.00386	0.00514	0.0101	0.01288	0.01294	0.01224	0.00998	0.0045	0.00042	
1.32025  1150.0  15000.0  0.0	4e-05	0.00036	0.00104	0.00164	0.00198	0.00242	0.00564	0.00652	0.00808	0.00776	0.00804	0.01166	0.01554	
