#===============
# ll~ : tata
# qq~ : dd~
# FF  : vector
# XY  : LL RR  
# coef : 0 0
# type : Z*Reg
# Nevs : 50000
#===============
#
# XSEC	BIN_MIN	BIN_MAX 	 Kij 
#
326.91  150.0  200.0  0.0	0.0	0.0	0.0	0.0	0.0	0.0	0.0	0.0	0.0	0.0	0.0	0.0	0.0	
162.26  200.0  250.0  0.0	0.0005	0.00018	0.0	0.0	0.0	0.0	2e-05	0.0	0.0	0.0	0.0	0.0	0.0	
96.614  250.0  300.0  0.0	0.001	0.00472	0.00064	2e-05	2e-05	0.0	0.0	0.0	0.0	0.0	0.0	0.0	0.0	
63.201  300.0  350.0  0.0	0.0012	0.01214	0.00854	0.00074	2e-05	0.0	2e-05	0.0	0.0	0.0	0.0	0.0	0.0	
43.954  350.0  400.0  0.0	0.00124	0.0132	0.01684	0.00782	0.00068	0.0	4e-05	0.0	0.0	0.0	0.0	0.0	0.0	
31.886  400.0  450.0  0.0	0.0007	0.01128	0.01694	0.01542	0.00624	0.0007	0.00012	2e-05	0.0	0.0	0.0	0.0	0.0	
23.884  450.0  500.0  0.0	0.00088	0.00996	0.01604	0.01594	0.01272	0.00612	0.00074	2e-05	0.0	0.0	0.0	0.0	0.0	
32.672  500.0  600.0  0.0	0.00068	0.00788	0.01408	0.0156	0.01452	0.01278	0.0119	0.00032	0.0	0.0	0.0	0.0	0.0	
20.634  600.0  700.0  0.0	0.00052	0.00526	0.00964	0.01286	0.01358	0.01318	0.02476	0.00962	0.00024	4e-05	0.0	0.0	0.0	
13.721  700.0  800.0  0.0	0.0004	0.00404	0.0083	0.01014	0.01088	0.0126	0.02542	0.02084	0.00772	0.00056	6e-05	0.0	0.0	
9.4671  800.0  900.0  0.0	0.00022	0.00284	0.00626	0.00784	0.00986	0.01076	0.02296	0.0222	0.01712	0.0071	0.00038	4e-05	4e-05	
6.7204  900.0  1000.0  0.0	0.00026	0.00222	0.00462	0.00696	0.00788	0.00932	0.02004	0.02114	0.01866	0.01536	0.00468	0.00046	0.0	
6.8154  1000.0  1150.0  0.0	0.00018	0.00186	0.00334	0.00524	0.00624	0.00652	0.0151	0.01758	0.01826	0.01662	0.01476	0.0082	0.0002	
13.696  1150.0  15000.0  0.0	8e-05	0.0009	0.00186	0.0024	0.0031	0.0039	0.00848	0.01152	0.01286	0.01358	0.01378	0.01762	0.0241	
