#===============
# ll~ : tata
# qq~ : cc~
# FF  : vector
# XY  : LL RR  
# coef : 0 0
# type : Reg*Reg
# Nevs : 50000
#===============
#
# XSEC	BIN_MIN	BIN_MAX 	 Kij 
#
5.0624  150.0  200.0  0.0	0.0	2e-05	0.0	0.0	0.0	0.0	0.0	0.0	0.0	0.0	0.0	0.0	0.0	
4.3222  200.0  250.0  0.0	0.00032	0.00042	2e-05	0.0	2e-05	0.0	0.0	0.0	0.0	0.0	0.0	0.0	0.0	
3.6809  250.0  300.0  0.0	0.00114	0.00556	0.00084	2e-05	0.0	0.0	0.0	0.0	0.0	0.0	0.0	0.0	0.0	
3.1508  300.0  350.0  2e-05	0.00154	0.01278	0.00866	0.00088	0.0	2e-05	0.0	0.0	0.0	0.0	0.0	0.0	0.0	
2.7001  350.0  400.0  0.0	0.00136	0.014	0.01528	0.00796	0.00058	4e-05	0.0	0.0	0.0	0.0	0.0	0.0	0.0	
2.3239  400.0  450.0  2e-05	0.00118	0.01094	0.01748	0.01544	0.0076	0.0009	4e-05	0.0	0.0	0.0	0.0	0.0	0.0	
2.0114  450.0  500.0  0.0	0.00104	0.00998	0.01616	0.01606	0.01384	0.0063	0.00104	2e-05	0.0	0.0	0.0	0.0	0.0	
3.2656  500.0  600.0  4e-05	0.00082	0.00848	0.01336	0.01538	0.01492	0.01262	0.01098	0.00036	2e-05	0.0	0.0	0.0	0.0	
2.4908  600.0  700.0  0.0	0.00064	0.00598	0.00976	0.01274	0.0139	0.01448	0.02364	0.00864	0.00034	0.0	2e-05	0.0	0.0	
1.91953  700.0  800.0  0.0	0.00034	0.00472	0.00748	0.00882	0.01146	0.01246	0.02524	0.01952	0.00746	0.0003	8e-05	2e-05	0.0	
1.49357  800.0  900.0  0.0	0.00036	0.0034	0.0058	0.00834	0.00844	0.01106	0.02302	0.02156	0.0176	0.00624	0.00062	6e-05	0.0	
1.17187  900.0  1000.0  0.0	0.00036	0.00254	0.00412	0.00686	0.0073	0.00878	0.01872	0.021	0.0197	0.01624	0.00562	0.00058	2e-05	
1.31605  1000.0  1150.0  0.0	6e-05	0.00206	0.00348	0.00492	0.00626	0.00642	0.01566	0.01814	0.0179	0.01726	0.0135	0.00688	0.00032	
3.5375  1150.0  15000.0  0.0	2e-05	0.00072	0.00188	0.00224	0.00324	0.00332	0.00804	0.01002	0.01172	0.01168	0.01156	0.01726	0.02364	
