#===============
# ll~ : tata
# qq~ : sb~
# FF  : vector
# XY  : LR RL  
# coef : 0 0
# type : Reg*Reg
# Nevs : 50000
#===============
#
# XSEC	BIN_MIN	BIN_MAX 	 Kij 
#
4.6632  150.0  200.0  0.0	0.0	0.0	0.0	0.0	0.0	0.0	0.0	0.0	0.0	0.0	0.0	0.0	0.0	
4.0059  200.0  250.0  0.0	0.00028	0.00028	4e-05	0.0	0.0	0.0	0.0	0.0	0.0	0.0	0.0	0.0	0.0	
3.4382  250.0  300.0  2e-05	0.00094	0.00586	0.0008	4e-05	0.0	0.0	0.0	0.0	0.0	0.0	0.0	0.0	0.0	
2.9573  300.0  350.0  2e-05	0.001	0.01088	0.00816	0.00088	2e-05	0.0	2e-05	0.0	0.0	2e-05	0.0	0.0	0.0	
2.5533  350.0  400.0  0.0	0.001	0.01118	0.01532	0.00652	0.0007	6e-05	2e-05	0.0	0.0	0.0	0.0	0.0	0.0	
2.2122  400.0  450.0  0.0	0.00092	0.01006	0.01554	0.01284	0.00624	0.00082	0.0001	0.0	0.0	0.0	0.0	0.0	0.0	
1.92503  450.0  500.0  2e-05	0.0008	0.00892	0.01398	0.01324	0.01204	0.00598	0.0008	6e-05	0.0	0.0	0.0	0.0	0.0	
3.1564  500.0  600.0  2e-05	0.00086	0.0067	0.01168	0.01218	0.0127	0.01092	0.00846	0.0005	6e-05	2e-05	0.0	0.0	0.0	
2.4389  600.0  700.0  2e-05	0.00046	0.00518	0.00858	0.0109	0.01014	0.01168	0.01978	0.00808	0.00058	2e-05	0.0	2e-05	0.0	
1.90498  700.0  800.0  0.0	0.00044	0.0032	0.0069	0.00838	0.0091	0.01022	0.02036	0.01642	0.0061	0.00036	6e-05	2e-05	0.0	
1.49944  800.0  900.0  0.0	0.00018	0.00254	0.00544	0.0064	0.00734	0.0081	0.01752	0.0169	0.01438	0.00544	0.00046	2e-05	2e-05	
1.19208  900.0  1000.0  0.0	8e-05	0.00172	0.0042	0.00536	0.00554	0.00718	0.0163	0.01558	0.015	0.01242	0.0045	0.00036	2e-05	
1.35992  1000.0  1150.0  0.0	8e-05	0.00136	0.00292	0.00388	0.0051	0.0055	0.01386	0.01468	0.01516	0.01354	0.0109	0.00546	0.00028	
3.9441  1150.0  15000.0  0.0	4e-05	0.00072	0.00108	0.00192	0.00238	0.00244	0.0066	0.00788	0.00974	0.00924	0.00962	0.0138	0.01976	
