#===============
# ll~ : tata
# qq~ : sd~
# FF  : vector
# XY  : LR RL  
# coef : 0 0
# type : Reg*Reg
# Nevs : 50000
#===============
#
# XSEC	BIN_MIN	BIN_MAX 	 Kij 
#
12.1398  150.0  200.0  0.0	2e-05	0.0	0.0	0.0	0.0	0.0	0.0	0.0	0.0	0.0	0.0	0.0	0.0	
10.7572  200.0  250.0  0.0	0.00022	0.00024	2e-05	2e-05	2e-05	0.0	0.0	0.0	0.0	0.0	0.0	0.0	0.0	
9.5039  250.0  300.0  0.0	0.00144	0.00632	0.00088	2e-05	0.0	2e-05	0.0	0.0	0.0	0.0	0.0	0.0	0.0	
8.4095  300.0  350.0  2e-05	0.00164	0.01356	0.0096	0.00102	2e-05	0.0	2e-05	0.0	0.0	0.0	0.0	0.0	0.0	
7.4632  350.0  400.0  0.0	0.00118	0.0139	0.01802	0.00848	0.00094	4e-05	4e-05	0.0	0.0	0.0	0.0	0.0	0.0	
6.6331  400.0  450.0  0.0	0.00126	0.01284	0.01862	0.0162	0.007	0.00076	6e-05	0.0	0.0	0.0	0.0	0.0	0.0	
5.9093  450.0  500.0  0.0	0.00118	0.01044	0.01738	0.01662	0.01404	0.00644	0.00068	2e-05	0.0	0.0	0.0	0.0	0.0	
9.9866  500.0  600.0  0.0	0.0008	0.00912	0.01492	0.01602	0.0161	0.01366	0.01128	0.0004	6e-05	0.0	0.0	0.0	0.0	
8.0229  600.0  700.0  0.0	0.00058	0.00544	0.0106	0.01224	0.01512	0.01606	0.0252	0.00964	0.00044	4e-05	0.0	2e-05	0.0	
6.496  700.0  800.0  2e-05	0.00052	0.00414	0.0092	0.01042	0.01254	0.0126	0.02634	0.02138	0.00806	0.00052	0.0	2e-05	2e-05	
5.282  800.0  900.0  0.0	0.00016	0.00358	0.00696	0.00872	0.0098	0.0106	0.02452	0.02196	0.01806	0.00714	0.0003	0.0	0.0	
4.3217  900.0  1000.0  0.0	0.0003	0.00292	0.00522	0.00654	0.00778	0.00932	0.02104	0.02186	0.02008	0.01586	0.00546	0.00042	2e-05	
5.078  1000.0  1150.0  0.0	4e-05	0.00154	0.0044	0.00538	0.00624	0.00756	0.01752	0.01876	0.01784	0.01718	0.01456	0.00746	0.00036	
15.8019  1150.0  15000.0  0.0	0.00012	0.00088	0.00172	0.00192	0.00288	0.00348	0.0084	0.0099	0.01098	0.0116	0.0126	0.01798	0.02608	
