#===============
# ll~ : tata
# qq~ : bb~
# FF  : vector
# XY  : LR RL  
# coef : 0 0
# type : Reg*Reg
# Nevs : 50000
#===============
#
# XSEC	BIN_MIN	BIN_MAX 	 Kij 
#
2.2547  150.0  200.0  0.0	2e-05	2e-05	0.0	0.0	0.0	0.0	0.0	0.0	0.0	0.0	0.0	0.0	0.0	
1.91945  200.0  250.0  0.0	0.00026	0.00034	2e-05	0.0	0.0	0.0	0.0	0.0	0.0	0.0	0.0	0.0	0.0	
1.62707  250.0  300.0  0.0	0.00098	0.00486	0.00078	6e-05	2e-05	0.0	0.0	0.0	0.0	0.0	0.0	0.0	0.0	
1.38352  300.0  350.0  0.0	0.00108	0.01048	0.00744	0.00048	0.0001	0.0	0.0	0.0	0.0	0.0	0.0	0.0	0.0	
1.18051  350.0  400.0  0.0	0.00106	0.00906	0.0126	0.00636	0.00082	2e-05	2e-05	0.0	0.0	0.0	0.0	0.0	0.0	
1.00889  400.0  450.0  0.0	0.0008	0.00912	0.01298	0.0113	0.0053	0.0006	8e-05	4e-05	0.0	0.0	0.0	0.0	0.0	
0.8668  450.0  500.0  0.0	0.0007	0.00714	0.01152	0.01198	0.0106	0.00424	0.00058	0.0	0.0	0.0	0.0	0.0	0.0	
1.39125  500.0  600.0  0.0	0.0008	0.00554	0.01016	0.01104	0.01072	0.00942	0.00678	0.0003	2e-05	2e-05	2e-05	0.0	0.0	
1.04759  600.0  700.0  0.0	0.00048	0.0045	0.0075	0.0085	0.00882	0.00998	0.01628	0.0065	0.00032	2e-05	0.0	0.0	0.0	
0.79757  700.0  800.0  0.0	0.00032	0.003	0.00498	0.00674	0.0078	0.00832	0.0174	0.01392	0.00542	0.00032	4e-05	2e-05	0.0	
0.61271  800.0  900.0  0.0	0.00026	0.00226	0.00398	0.00552	0.00662	0.00686	0.01586	0.01402	0.01168	0.00464	0.0004	6e-05	0.0	
0.47508  900.0  1000.0  0.0	6e-05	0.00172	0.00366	0.00434	0.0051	0.00592	0.01236	0.01396	0.01196	0.0104	0.00404	0.00058	0.0	
0.526  1000.0  1150.0  0.0	0.00012	0.00112	0.0027	0.0032	0.00414	0.00418	0.01056	0.01298	0.01228	0.01146	0.00882	0.00608	0.00032	
1.3202  1150.0  15000.0  0.0	2e-05	0.00058	0.00138	0.00148	0.00204	0.00238	0.00592	0.00686	0.0082	0.00826	0.00816	0.01142	0.01498	
