#===============
# Experiment : CMS
# Search : CMS_PAS_EXO_19_019
# ll~ : ee
# qq~ : db~
# FF  : vector
# XY  :  LL RR
# coef : 0 0
# type : S1~*S1~ S3*S3
# Nevs : 50000
#===============
#
# XSEC	BIN_MIN	BIN_MAX 	 Kij 
# 150.0 160.0 170.0 180.0 190.0 200.0 220.0 240.0 260.0 280.0 300.0 320.0 340.0 360.0 380.0 400.0 420.0 440.0 460.0 480.0 500.0 520.0 540.0 560.0 580.0 600.0 630.0 660.0 690.0 720.0 750.0 780.0 810.0 840.0 870.0 900.0 950.0 1000.0 1050.0 1100.0 1150.0 1200.0 1250.0 1310.0 1370.0 1430.0 1490.0 1550.0 1610.0 1680.0 1750.0 1820.0 1890.0 1970.0 2050.0 2130.0 2210.0 2290.0 2370.0 2450.0 2530.0 2610.0 2690.0 2770.0 2850.0 2930.0 3010.0 3090.0 3170.0 3250.0 3330.0 3410.0 3490.0 3570.0 3650.0 3730.0 3810.0 3890.0 3970.0 4070.0 4170.0 4270.0 4370.0 4470.0 4570.0 4670.0 4770.0 4870.0 4970.0 5070.0 5170.0 5270.0 5370.0 5470.0 5570.0 5670.0 5770.0 5870.0 5970.0 6070.0 
0.74876  200.0  300.0  0.0004	0.00034	0.00046	0.00056	0.00518	0.05072	0.0547	0.05322	0.05564	0.04598	0.0038	0.0	0.0	0.0	0.0	0.0	0.0	0.0	0.0	0.0	0.0	0.0	0.0	0.0	0.0	0.0	0.0	0.0	0.0	0.0	0.0	0.0	0.0	0.0	0.0	0.0	0.0	0.0	0.0	0.0	0.0	0.0	0.0	0.0	0.0	0.0	0.0	0.0	0.0	0.0	0.0	0.0	0.0	0.0	0.0	0.0	0.0	0.0	0.0	0.0	0.0	0.0	0.0	0.0	0.0	0.0	0.0	0.0	0.0	0.0	0.0	0.0	0.0	0.0	0.0	0.0	0.0	0.0	0.0	0.0	0.0	0.0	0.0	0.0	0.0	0.0	0.0	0.0	0.0	0.0	0.0	0.0	0.0	0.0	0.0	0.0	0.0	0.0	0.0	
0.61932  300.0  400.0  0.0002	0.0001	0.0	0.00024	4e-05	0.00044	0.00058	0.00088	0.00138	0.00942	0.06	0.0656	0.06386	0.06054	0.05008	0.00464	0.0	0.0	0.0	0.0	0.0	0.0	0.0	0.0	0.0	0.0	0.0	0.0	0.0	0.0	0.0	0.0	0.0	0.0	0.0	0.0	0.0	0.0	0.0	0.0	0.0	0.0	0.0	0.0	0.0	0.0	0.0	0.0	0.0	0.0	0.0	0.0	0.0	0.0	0.0	0.0	0.0	0.0	0.0	0.0	0.0	0.0	0.0	0.0	0.0	0.0	0.0	0.0	0.0	0.0	0.0	0.0	0.0	0.0	0.0	0.0	0.0	0.0	0.0	0.0	0.0	0.0	0.0	0.0	0.0	0.0	0.0	0.0	0.0	0.0	0.0	0.0	0.0	0.0	0.0	0.0	0.0	0.0	0.0	
0.51954  400.0  500.0  2e-05	2e-05	4e-05	4e-05	6e-05	0.00024	0.00028	0.0005	0.00044	0.00068	0.00054	0.00084	0.00086	0.00174	0.0122	0.06424	0.0679	0.06738	0.06248	0.05408	0.00682	2e-05	0.0	0.0	0.0	0.0	0.0	0.0	0.0	0.0	0.0	0.0	0.0	0.0	0.0	0.0	0.0	0.0	0.0	0.0	0.0	0.0	0.0	0.0	0.0	0.0	0.0	0.0	0.0	0.0	0.0	0.0	0.0	0.0	0.0	0.0	0.0	0.0	0.0	0.0	0.0	0.0	0.0	0.0	0.0	0.0	0.0	0.0	0.0	0.0	0.0	0.0	0.0	0.0	0.0	0.0	0.0	0.0	0.0	0.0	0.0	0.0	0.0	0.0	0.0	0.0	0.0	0.0	0.0	0.0	0.0	0.0	0.0	0.0	0.0	0.0	0.0	0.0	0.0	
0.42468  500.0  600.0  6e-05	2e-05	4e-05	2e-05	0.0	0.00012	0.0001	0.00014	0.0003	0.00014	0.00032	0.00024	0.00042	0.00054	0.0007	0.00086	0.00098	0.0012	0.0019	0.01418	0.0703	0.0708	0.0717	0.0652	0.0521	0.0073	0.0	0.0	0.0	0.0	0.0	0.0	0.0	0.0	0.0	0.0	0.0	0.0	0.0	0.0	0.0	0.0	0.0	0.0	0.0	0.0	0.0	0.0	0.0	0.0	0.0	0.0	0.0	0.0	0.0	0.0	0.0	0.0	0.0	0.0	0.0	0.0	0.0	0.0	0.0	0.0	0.0	0.0	0.0	0.0	0.0	0.0	0.0	0.0	0.0	0.0	0.0	0.0	0.0	0.0	0.0	0.0	0.0	0.0	0.0	0.0	0.0	0.0	0.0	0.0	0.0	0.0	0.0	0.0	0.0	0.0	0.0	0.0	0.0	
0.34546  600.0  700.0  2e-05	4e-05	0.0	4e-05	0.0	4e-05	0.00014	6e-05	8e-05	0.00012	0.0003	0.00022	0.00022	0.00026	0.00036	0.00038	0.00046	0.00058	0.00068	0.0009	0.00096	0.00108	0.00126	0.0022	0.01568	0.10336	0.11046	0.0981	0.03272	6e-05	0.0	0.0	0.0	0.0	0.0	0.0	0.0	0.0	0.0	0.0	0.0	0.0	0.0	0.0	0.0	0.0	0.0	0.0	0.0	0.0	0.0	0.0	0.0	0.0	0.0	0.0	0.0	0.0	0.0	0.0	0.0	0.0	0.0	0.0	0.0	0.0	0.0	0.0	0.0	0.0	0.0	0.0	0.0	0.0	0.0	0.0	0.0	0.0	0.0	0.0	0.0	0.0	0.0	0.0	0.0	0.0	0.0	0.0	0.0	0.0	0.0	0.0	0.0	0.0	0.0	0.0	0.0	0.0	0.0	
0.2812  700.0  800.0  2e-05	0.0	0.0	0.0	0.0	8e-05	4e-05	6e-05	2e-05	0.0001	0.00012	8e-05	6e-05	0.00016	0.00022	0.00022	0.00038	0.00022	0.00034	0.00034	0.0004	0.00038	0.00058	0.00082	0.00078	0.00154	0.00242	0.00656	0.08444	0.11398	0.10396	0.06206	0.00206	0.0	0.0	0.0	0.0	0.0	0.0	0.0	0.0	0.0	0.0	0.0	0.0	0.0	0.0	0.0	0.0	0.0	0.0	0.0	0.0	0.0	0.0	0.0	0.0	0.0	0.0	0.0	0.0	0.0	0.0	0.0	0.0	0.0	0.0	0.0	0.0	0.0	0.0	0.0	0.0	0.0	0.0	0.0	0.0	0.0	0.0	0.0	0.0	0.0	0.0	0.0	0.0	0.0	0.0	0.0	0.0	0.0	0.0	0.0	0.0	0.0	0.0	0.0	0.0	0.0	0.0	
0.22694  800.0  900.0  0.0	0.0	0.0	0.0	2e-05	2e-05	6e-05	4e-05	0.0001	0.00012	6e-05	8e-05	0.0001	0.00014	0.00018	0.00012	0.0002	4e-05	0.00018	0.00028	0.00026	0.00028	0.0002	0.00034	0.00034	0.0008	0.00082	0.00122	0.00148	0.00206	0.00368	0.05036	0.11572	0.11098	0.08488	0.0116	0.0	0.0	0.0	0.0	0.0	0.0	0.0	0.0	0.0	0.0	0.0	0.0	0.0	0.0	0.0	0.0	0.0	0.0	0.0	0.0	0.0	0.0	0.0	0.0	0.0	0.0	0.0	0.0	0.0	0.0	0.0	0.0	0.0	0.0	0.0	0.0	0.0	0.0	0.0	0.0	0.0	0.0	0.0	0.0	0.0	0.0	0.0	0.0	0.0	0.0	0.0	0.0	0.0	0.0	0.0	0.0	0.0	0.0	0.0	0.0	0.0	0.0	0.0	
0.181956  900.0  1000.0  0.0	0.0	0.0	0.0	0.0	6e-05	6e-05	6e-05	6e-05	6e-05	4e-05	0.00012	0.0001	0.00018	4e-05	0.0001	0.0001	6e-05	0.00014	0.00018	0.0003	0.00022	6e-05	0.00026	0.0002	0.00054	0.00058	0.00046	0.00078	0.0007	0.00114	0.0013	0.00174	0.00304	0.02438	0.18416	0.16022	0.01238	0.0	0.0	0.0	0.0	0.0	0.0	0.0	0.0	0.0	0.0	0.0	0.0	0.0	0.0	0.0	0.0	0.0	0.0	0.0	0.0	0.0	0.0	0.0	0.0	0.0	0.0	0.0	0.0	0.0	0.0	0.0	0.0	0.0	0.0	0.0	0.0	0.0	0.0	0.0	0.0	0.0	0.0	0.0	0.0	0.0	0.0	0.0	0.0	0.0	0.0	0.0	0.0	0.0	0.0	0.0	0.0	0.0	0.0	0.0	0.0	0.0	
0.26464  1000.0  1200.0  4e-05	2e-05	2e-05	0.0	2e-05	2e-05	6e-05	0.0	0.0	4e-05	0.0	4e-05	0.0001	0.0001	2e-05	0.00016	2e-05	0.00016	6e-05	0.00014	0.00018	0.0003	0.0002	0.00016	0.00016	0.00036	0.00036	0.00032	0.0005	0.00038	0.0005	0.0006	0.00062	0.00088	0.001	0.0022	0.01614	0.10362	0.10074	0.08798	0.06996	0.00612	0.0	0.0	0.0	0.0	0.0	0.0	0.0	0.0	0.0	0.0	0.0	0.0	0.0	0.0	0.0	0.0	0.0	0.0	0.0	0.0	0.0	0.0	0.0	0.0	0.0	0.0	0.0	0.0	0.0	0.0	0.0	0.0	0.0	0.0	0.0	0.0	0.0	0.0	0.0	0.0	0.0	0.0	0.0	0.0	0.0	0.0	0.0	0.0	0.0	0.0	0.0	0.0	0.0	0.0	0.0	0.0	0.0	
0.169006  1200.0  1400.0  0.0	0.0	0.0	2e-05	2e-05	2e-05	0.0	2e-05	4e-05	2e-05	4e-05	4e-05	6e-05	4e-05	8e-05	0.00012	8e-05	6e-05	0.00014	2e-05	0.00012	0.0001	8e-05	8e-05	0.0001	0.00028	0.00014	0.00018	0.0003	0.00028	0.0002	0.00022	0.00028	0.00032	0.00036	0.00092	0.00104	0.00136	0.0017	0.00246	0.01924	0.10362	0.12214	0.10274	0.04254	0.00028	0.0	0.0	0.0	0.0	0.0	0.0	0.0	0.0	0.0	0.0	0.0	0.0	0.0	0.0	0.0	0.0	0.0	0.0	0.0	0.0	0.0	0.0	0.0	0.0	0.0	0.0	0.0	0.0	0.0	0.0	0.0	0.0	0.0	0.0	0.0	0.0	0.0	0.0	0.0	0.0	0.0	0.0	0.0	0.0	0.0	0.0	0.0	0.0	0.0	0.0	0.0	0.0	0.0	
0.107102  1400.0  1600.0  2e-05	0.0	0.0	2e-05	0.0	0.0	0.0	2e-05	2e-05	2e-05	6e-05	2e-05	0.0001	0.0001	2e-05	2e-05	0.0	0.0	2e-05	6e-05	0.0	4e-05	4e-05	0.00014	4e-05	0.00016	0.00014	8e-05	8e-05	0.00016	0.0002	0.00014	0.00024	0.0002	0.00022	0.0005	0.00046	0.00076	0.00062	0.00092	0.00108	0.00084	0.00214	0.00408	0.07826	0.12818	0.1122	0.07384	0.00356	0.0	0.0	0.0	0.0	0.0	0.0	0.0	0.0	0.0	0.0	0.0	0.0	0.0	0.0	0.0	0.0	0.0	0.0	0.0	0.0	0.0	0.0	0.0	0.0	0.0	0.0	0.0	0.0	0.0	0.0	0.0	0.0	0.0	0.0	0.0	0.0	0.0	0.0	0.0	0.0	0.0	0.0	0.0	0.0	0.0	0.0	0.0	0.0	0.0	0.0	
0.067674  1600.0  1800.0  0.0	0.0	2e-05	0.0	0.0	0.0	4e-05	0.0	4e-05	0.0	2e-05	2e-05	0.0	2e-05	4e-05	4e-05	4e-05	4e-05	4e-05	0.0	2e-05	0.0	6e-05	0.0001	4e-05	6e-05	0.0001	8e-05	6e-05	8e-05	0.0001	6e-05	6e-05	0.0001	6e-05	0.00028	0.00016	0.0004	0.00014	0.00036	0.00048	0.00062	0.00084	0.00108	0.00118	0.00202	0.00342	0.03956	0.15026	0.13066	0.07586	0.00178	0.0	0.0	0.0	0.0	0.0	0.0	0.0	0.0	0.0	0.0	0.0	0.0	0.0	0.0	0.0	0.0	0.0	0.0	0.0	0.0	0.0	0.0	0.0	0.0	0.0	0.0	0.0	0.0	0.0	0.0	0.0	0.0	0.0	0.0	0.0	0.0	0.0	0.0	0.0	0.0	0.0	0.0	0.0	0.0	0.0	0.0	0.0	
0.042776  1800.0  2000.0  0.0	0.0	2e-05	2e-05	0.0	2e-05	0.0	4e-05	0.0	2e-05	2e-05	2e-05	4e-05	4e-05	2e-05	6e-05	6e-05	2e-05	0.0	4e-05	2e-05	2e-05	4e-05	2e-05	4e-05	0.0001	6e-05	8e-05	0.0001	0.0001	0.00012	8e-05	4e-05	0.0001	0.0001	0.00012	0.00026	0.00026	0.0002	0.00024	0.00036	0.0005	0.0005	0.00056	0.00058	0.00072	0.00132	0.00146	0.00254	0.00396	0.06234	0.15126	0.1432	0.04488	0.0001	0.0	0.0	0.0	0.0	0.0	0.0	0.0	0.0	0.0	0.0	0.0	0.0	0.0	0.0	0.0	0.0	0.0	0.0	0.0	0.0	0.0	0.0	0.0	0.0	0.0	0.0	0.0	0.0	0.0	0.0	0.0	0.0	0.0	0.0	0.0	0.0	0.0	0.0	0.0	0.0	0.0	0.0	0.0	0.0	
0.031754  2000.0  2250.0  0.0	0.0	0.0	0.0	0.0	2e-05	0.0	0.0	0.0	0.0	0.0	0.0	0.0	2e-05	0.0	4e-05	4e-05	4e-05	0.0	2e-05	4e-05	6e-05	4e-05	2e-05	0.0	8e-05	4e-05	4e-05	8e-05	6e-05	0.00012	4e-05	0.0	6e-05	0.0001	0.0001	0.00026	0.00018	0.00022	0.0004	0.0002	0.00028	0.00026	0.00042	0.00042	0.00058	0.00062	0.00074	0.00088	0.00106	0.0015	0.00236	0.00652	0.11058	0.14228	0.11496	0.04516	0.00046	0.0	0.0	0.0	0.0	0.0	0.0	0.0	0.0	0.0	0.0	0.0	0.0	0.0	0.0	0.0	0.0	0.0	0.0	0.0	0.0	0.0	0.0	0.0	0.0	0.0	0.0	0.0	0.0	0.0	0.0	0.0	0.0	0.0	0.0	0.0	0.0	0.0	0.0	0.0	0.0	0.0	
0.01797  2250.0  2500.0  0.0	2e-05	0.0	0.0	0.0	2e-05	2e-05	0.0	4e-05	0.0	2e-05	2e-05	2e-05	0.0	0.0	0.0	0.0	0.0	8e-05	8e-05	4e-05	0.0	0.0	4e-05	4e-05	0.00014	0.0001	6e-05	8e-05	2e-05	6e-05	4e-05	4e-05	0.0001	4e-05	0.00026	0.0001	0.00012	0.00016	0.0002	0.0003	0.00022	0.00016	0.00026	0.00018	0.00034	0.00052	0.00048	0.00042	0.00052	0.00084	0.00082	0.00138	0.00126	0.00256	0.00568	0.09134	0.14266	0.11936	0.05876	0.00142	0.0	0.0	0.0	0.0	0.0	0.0	0.0	0.0	0.0	0.0	0.0	0.0	0.0	0.0	0.0	0.0	0.0	0.0	0.0	0.0	0.0	0.0	0.0	0.0	0.0	0.0	0.0	0.0	0.0	0.0	0.0	0.0	0.0	0.0	0.0	0.0	0.0	0.0	
0.009989  2500.0  2750.0  0.0	0.0	0.0	0.0	0.0	0.0	0.0	2e-05	0.0	0.0	0.0	4e-05	2e-05	0.0	2e-05	0.0	2e-05	2e-05	0.0	4e-05	2e-05	2e-05	4e-05	4e-05	2e-05	4e-05	4e-05	6e-05	4e-05	8e-05	4e-05	8e-05	6e-05	0.0001	8e-05	0.00016	0.00012	0.00014	0.0001	0.00012	0.00026	0.00014	0.00016	0.0002	0.00038	0.00024	0.00026	0.00036	0.00032	0.00058	0.00042	0.0004	0.00068	0.00062	0.00124	0.00126	0.0018	0.00232	0.00504	0.07514	0.14946	0.1226	0.0722	0.00256	0.0	0.0	0.0	0.0	0.0	0.0	0.0	0.0	0.0	0.0	0.0	0.0	0.0	0.0	0.0	0.0	0.0	0.0	0.0	0.0	0.0	0.0	0.0	0.0	0.0	0.0	0.0	0.0	0.0	0.0	0.0	0.0	0.0	0.0	0.0	
0.005685  2750.0  3000.0  0.0	0.0	0.0	2e-05	0.0	0.0	0.0	2e-05	0.0	0.0	0.0	2e-05	2e-05	0.0	0.0	0.0	0.0	0.0	0.0	2e-05	8e-05	0.0	8e-05	0.0	2e-05	0.0	8e-05	4e-05	8e-05	0.0	2e-05	0.0001	8e-05	4e-05	6e-05	0.0002	2e-05	0.00012	8e-05	8e-05	8e-05	0.0001	0.00014	0.00024	0.0002	0.00016	0.00024	0.00032	0.00048	0.0003	0.00022	0.0004	0.00054	0.00058	0.00042	0.0008	0.00086	0.00112	0.00112	0.00168	0.00204	0.0043	0.05902	0.15042	0.12696	0.08332	0.00662	6e-05	0.0	0.0	0.0	0.0	0.0	0.0	0.0	0.0	0.0	0.0	0.0	0.0	0.0	0.0	0.0	0.0	0.0	0.0	0.0	0.0	0.0	0.0	0.0	0.0	0.0	0.0	0.0	0.0	0.0	0.0	0.0	
0.005012  3000.0  3500.0  4e-05	0.0	0.0	2e-05	0.0	2e-05	0.0	0.0	2e-05	0.0	0.0	0.0	0.0	2e-05	2e-05	0.0	2e-05	0.0	2e-05	0.0	0.0	4e-05	0.0	0.0	2e-05	6e-05	4e-05	0.0	4e-05	0.0	0.0	0.0	4e-05	0.0	6e-05	6e-05	6e-05	6e-05	0.00012	6e-05	6e-05	0.00016	8e-05	0.0001	0.00014	0.00012	0.00024	0.00016	0.0002	0.00016	0.00024	0.00014	0.00026	0.0004	0.00042	0.0004	0.0004	0.00066	0.00076	0.00066	0.00088	0.001	0.0011	0.00178	0.00318	0.0299	0.09828	0.08578	0.07242	0.05906	0.0487	0.0368	0.00726	6e-05	0.0	0.0	0.0	0.0	0.0	0.0	0.0	0.0	0.0	0.0	0.0	0.0	0.0	0.0	0.0	0.0	0.0	0.0	0.0	0.0	0.0	0.0	0.0	0.0	0.0	
0.001602  3500.0  4000.0  0.0	0.0	0.0	0.0	0.0	0.0	0.0	0.0	0.0	0.0	0.0	0.0	0.0	0.0	0.0	0.0	0.0	4e-05	6e-05	0.0	0.0	0.0	8e-05	0.0	2e-05	4e-05	2e-05	4e-05	0.0	2e-05	4e-05	2e-05	4e-05	2e-05	8e-05	6e-05	8e-05	6e-05	2e-05	0.0	8e-05	0.00012	4e-05	0.00012	0.00012	0.00016	6e-05	0.00012	8e-05	0.00014	0.00014	0.00012	0.00018	0.00014	0.00024	0.00016	0.00024	0.00022	0.00038	0.00052	0.00032	0.00048	0.00048	0.00058	0.00056	0.00066	0.00064	0.00134	0.00136	0.00188	0.00298	0.01692	0.08664	0.09192	0.07598	0.06248	0.05264	0.043	0.01456	0.0001	0.0	0.0	0.0	0.0	0.0	0.0	0.0	0.0	0.0	0.0	0.0	0.0	0.0	0.0	0.0	0.0	0.0	0.0	0.0	
0.000749  4000.0  15000.0  0.0	0.0	0.0	0.0	0.0	0.0	0.0	0.0	0.0	0.0	2e-05	2e-05	0.0	0.0	0.0	0.0	0.0	0.0	2e-05	0.0	0.0	2e-05	2e-05	0.0	0.0	6e-05	2e-05	2e-05	0.0	0.0	2e-05	6e-05	0.0	6e-05	6e-05	4e-05	4e-05	8e-05	4e-05	2e-05	8e-05	6e-05	8e-05	0.0001	6e-05	0.0001	0.0001	6e-05	6e-05	4e-05	8e-05	0.00014	0.0001	0.00022	0.00012	0.0002	0.00016	0.00028	0.00014	0.0002	0.00022	0.00024	0.00036	0.00028	0.00026	0.00042	0.00032	0.00036	0.00054	0.00048	0.00066	0.00056	0.00098	0.00124	0.00116	0.00162	0.0023	0.0082	0.06792	0.0774	0.06278	0.0486	0.038	0.03158	0.0252	0.01992	0.01564	0.01228	0.0104	0.00898	0.0058	0.00556	0.00426	0.00332	0.00224	0.0018	0.00134	0.00108	0.00096	
