#===============
# Experiment : ATLAS
# Search : 1906_05609
# ll~ : eve
# qq~ : bu~
# FF  : vector
# XY  :  LL RR
# coef : 0 0
# type : W*U3 W*U1
# Nevs : 50000
#===============
#
# XSEC	BIN_MIN	BIN_MAX 	 Kij 
# 130.0 138.982 148.585 158.852 169.828 181.562 194.107 207.519 221.857 237.186 253.575 271.095 289.827 309.852 331.261 354.15 378.62 404.781 432.749 462.65 494.616 528.792 565.329 604.39 646.15 690.796 738.526 789.555 844.109 902.433 964.786 1031.45 1102.72 1178.91 1260.36 1347.45 1440.55 1540.09 1646.5 1760.26 1881.89 2011.92 2150.93 2299.55 2458.43 2628.3 2809.9 3004.05 3211.62 3433.52 3670.76 3924.39 4195.55 4485.44 4795.36 5126.69 5480.92 5859.63 6264.5 6697.34 7160.09 7654.82 8183.73 8749.18 9353.71 10000.0 
0.2211  200.0  300.0  0.00548	0.01334	0.02044	0.02708	0.03522	0.04632	0.05912	0.06718	0.06334	0.05686	0.04728	0.03392	0.01282	0.0019	0.00046	0.00022	0.00012	4e-05	4e-05	2e-05	0.0	0.0	0.0	0.0	0.0	0.0	0.0	0.0	0.0	0.0	0.0	0.0	0.0	0.0	0.0	0.0	0.0	0.0	0.0	0.0	0.0	0.0	0.0	0.0	0.0	0.0	0.0	0.0	0.0	0.0	0.0	0.0	0.0	0.0	0.0	0.0	0.0	0.0	0.0	0.0	0.0	0.0	0.0	0.0	0.0	
0.166102  300.0  400.0  0.00264	0.00718	0.00844	0.01124	0.01448	0.01762	0.02236	0.0255	0.03132	0.03848	0.04374	0.05796	0.07756	0.0821	0.07078	0.0538	0.02514	0.0028	0.00062	0.0002	0.00018	8e-05	6e-05	0.0	2e-05	2e-05	0.0	2e-05	0.0	0.0	0.0	0.0	0.0	0.0	0.0	0.0	0.0	0.0	0.0	0.0	0.0	0.0	0.0	0.0	0.0	0.0	0.0	0.0	0.0	0.0	0.0	0.0	0.0	0.0	0.0	0.0	0.0	0.0	0.0	0.0	0.0	0.0	0.0	0.0	0.0	
0.12585  400.0  500.0  0.00106	0.00356	0.00442	0.00678	0.00746	0.0096	0.01084	0.01538	0.01712	0.01924	0.02424	0.02754	0.0338	0.03914	0.04818	0.05884	0.08316	0.09638	0.07616	0.04594	0.00794	0.00054	0.00018	0.0001	8e-05	0.0	0.0	2e-05	2e-05	2e-05	0.0	0.0	0.0	0.0	0.0	0.0	0.0	0.0	0.0	0.0	0.0	0.0	0.0	0.0	0.0	0.0	0.0	0.0	0.0	0.0	0.0	0.0	0.0	0.0	0.0	0.0	0.0	0.0	0.0	0.0	0.0	0.0	0.0	0.0	0.0	
0.096284  500.0  600.0  0.00088	0.00184	0.00258	0.0034	0.0048	0.00618	0.00782	0.00888	0.01076	0.01326	0.0147	0.018	0.01986	0.02414	0.0279	0.03272	0.04	0.04608	0.05702	0.07898	0.10326	0.08578	0.0396	0.00356	0.00066	0.0002	8e-05	2e-05	4e-05	0.0	0.0	0.0	0.0	0.0	0.0	0.0	0.0	0.0	0.0	0.0	0.0	0.0	0.0	0.0	0.0	0.0	0.0	0.0	0.0	0.0	0.0	0.0	0.0	0.0	0.0	0.0	0.0	0.0	0.0	0.0	0.0	0.0	0.0	0.0	0.0	
0.074346  600.0  700.0  0.00062	0.00142	0.0019	0.00274	0.00288	0.00444	0.0048	0.00604	0.00766	0.00804	0.01036	0.01254	0.01382	0.01666	0.0191	0.02344	0.02618	0.03026	0.03524	0.04256	0.05166	0.0643	0.0934	0.10632	0.067	0.00936	0.00056	0.00028	8e-05	8e-05	4e-05	2e-05	0.0	0.0	0.0	0.0	0.0	0.0	0.0	0.0	0.0	0.0	0.0	0.0	0.0	0.0	0.0	0.0	0.0	0.0	0.0	0.0	0.0	0.0	0.0	0.0	0.0	0.0	0.0	0.0	0.0	0.0	0.0	0.0	0.0	
0.057814  700.0  800.0  0.0006	0.00098	0.00134	0.00194	0.00214	0.00268	0.0032	0.00462	0.0056	0.00608	0.00686	0.00872	0.01058	0.01216	0.01336	0.0161	0.02002	0.02158	0.02578	0.02978	0.0336	0.0402	0.04964	0.05998	0.08612	0.11578	0.07756	0.01002	0.0006	0.00018	0.0001	4e-05	2e-05	0.0	0.0	2e-05	0.0	0.0	0.0	0.0	0.0	0.0	0.0	0.0	0.0	0.0	0.0	0.0	0.0	0.0	0.0	0.0	0.0	0.0	0.0	0.0	0.0	0.0	0.0	0.0	0.0	0.0	0.0	0.0	0.0	
0.045266  800.0  900.0  0.00044	0.00064	0.00092	0.00104	0.00194	0.00222	0.0029	0.0035	0.00352	0.00476	0.00556	0.00662	0.00804	0.00858	0.01032	0.01186	0.0143	0.01662	0.01996	0.02234	0.02584	0.03002	0.0355	0.04198	0.05152	0.06068	0.08716	0.12026	0.06592	0.00328	0.00036	8e-05	0.0001	2e-05	2e-05	4e-05	0.0	0.0	0.0	0.0	0.0	0.0	0.0	0.0	0.0	0.0	0.0	0.0	0.0	0.0	0.0	0.0	0.0	0.0	0.0	0.0	0.0	0.0	0.0	0.0	0.0	0.0	0.0	0.0	0.0	
0.035654  900.0  1000.0  0.00028	0.00026	0.00066	0.0009	0.0013	0.00146	0.00228	0.00268	0.00306	0.00374	0.00382	0.00452	0.00618	0.0075	0.00794	0.00938	0.01052	0.01274	0.01494	0.01728	0.0199	0.02278	0.02656	0.03242	0.03852	0.04398	0.0555	0.06722	0.10016	0.11372	0.0315	0.00082	0.00022	4e-05	0.0	0.0	2e-05	0.0	0.0	0.0	0.0	0.0	0.0	0.0	0.0	0.0	0.0	0.0	0.0	0.0	0.0	0.0	0.0	0.0	0.0	0.0	0.0	0.0	0.0	0.0	0.0	0.0	0.0	0.0	0.0	
0.05065  1000.0  1200.0  0.00014	0.00038	0.00044	0.00052	0.0009	0.00116	0.00136	0.00176	0.00208	0.00264	0.00248	0.00368	0.00388	0.0047	0.0053	0.00718	0.008	0.00902	0.01104	0.0122	0.01424	0.01714	0.01934	0.02368	0.02806	0.03228	0.0369	0.04328	0.0521	0.06654	0.09972	0.09206	0.05374	0.00678	0.0002	8e-05	8e-05	0.0	2e-05	0.0	0.0	0.0	0.0	0.0	0.0	0.0	0.0	0.0	0.0	0.0	0.0	0.0	0.0	0.0	0.0	0.0	0.0	0.0	0.0	0.0	0.0	0.0	0.0	0.0	0.0	
0.032214  1200.0  1400.0  0.0002	0.00014	0.0002	0.00034	0.0006	0.00064	0.0007	0.00108	0.00136	0.0015	0.00236	0.00202	0.00248	0.004	0.00378	0.00422	0.00526	0.00664	0.00722	0.00808	0.00998	0.01164	0.01416	0.01608	0.01768	0.02154	0.02542	0.03024	0.03352	0.03934	0.04704	0.05806	0.07814	0.10656	0.07794	0.0208	0.00048	4e-05	6e-05	0.0	0.0	2e-05	2e-05	0.0	0.0	0.0	0.0	0.0	0.0	0.0	0.0	0.0	0.0	0.0	0.0	0.0	0.0	0.0	0.0	0.0	0.0	0.0	0.0	0.0	0.0	
0.020722  1400.0  1600.0  6e-05	8e-05	0.0002	0.00038	0.00032	0.00064	0.00074	0.00076	0.00072	0.0012	0.00122	0.00124	0.00204	0.00234	0.00278	0.00296	0.00336	0.00458	0.00518	0.00644	0.00736	0.00946	0.01016	0.01268	0.01382	0.01582	0.01936	0.02092	0.02444	0.027	0.03268	0.03876	0.04466	0.0551	0.07138	0.1042	0.08522	0.02344	0.00046	8e-05	2e-05	0.0	0.0	0.0	0.0	0.0	0.0	0.0	0.0	0.0	0.0	0.0	0.0	0.0	0.0	0.0	0.0	0.0	0.0	0.0	0.0	0.0	0.0	0.0	0.0	
0.013443  1600.0  1800.0  0.0001	4e-05	0.00026	0.00024	0.00018	0.00034	0.00036	0.00038	0.0004	0.00076	0.00098	0.00124	0.0012	0.0015	0.00198	0.00224	0.00312	0.00342	0.00364	0.0046	0.00456	0.00594	0.00788	0.00842	0.01036	0.01226	0.01364	0.01642	0.0169	0.02296	0.02462	0.02932	0.03416	0.04004	0.04714	0.05456	0.07056	0.10932	0.08106	0.0128	0.00024	0.00012	4e-05	2e-05	0.0	0.0	0.0	0.0	0.0	0.0	0.0	0.0	0.0	0.0	0.0	0.0	0.0	0.0	0.0	0.0	0.0	0.0	0.0	0.0	0.0	
0.00878  1800.0  2000.0  4e-05	0.0	2e-05	0.0001	0.0001	0.0002	0.0002	0.00042	0.00044	0.0004	0.00068	0.00086	0.00074	0.00112	0.0015	0.00184	0.00238	0.00262	0.00368	0.0033	0.00448	0.00506	0.00588	0.00668	0.008	0.00978	0.01134	0.01298	0.01482	0.01714	0.01976	0.02356	0.0278	0.0307	0.03436	0.0421	0.04842	0.05756	0.07632	0.11624	0.05414	0.0011	0.00014	4e-05	2e-05	0.0	0.0	2e-05	0.0	0.0	0.0	0.0	0.0	0.0	0.0	0.0	0.0	0.0	0.0	0.0	0.0	0.0	0.0	0.0	0.0	
0.00687  2000.0  2250.0  0.0001	6e-05	6e-05	2e-05	0.00014	6e-05	0.00026	0.00022	0.00032	0.00028	0.00046	0.00054	0.00082	0.00074	0.00118	0.00122	0.00152	0.00188	0.00218	0.00338	0.00318	0.00366	0.0043	0.0053	0.00714	0.0078	0.00828	0.01068	0.01252	0.01396	0.01556	0.0172	0.02098	0.02344	0.02972	0.03282	0.03698	0.04316	0.05258	0.06086	0.0923	0.09674	0.03014	0.00036	4e-05	0.0	0.0	0.0	0.0	0.0	0.0	0.0	0.0	0.0	0.0	0.0	0.0	0.0	0.0	0.0	0.0	0.0	0.0	0.0	0.0	
0.004086  2250.0  2500.0  0.0	0.0	2e-05	4e-05	8e-05	0.0001	0.0001	0.0001	0.00018	0.00036	0.0004	0.00032	0.0006	0.0004	0.00072	0.001	0.00134	0.00136	0.00208	0.00192	0.00252	0.0028	0.00372	0.00454	0.00508	0.00588	0.00652	0.00848	0.00996	0.01178	0.013	0.01402	0.01712	0.01916	0.02196	0.02506	0.02976	0.03496	0.04062	0.0461	0.0564	0.06862	0.10012	0.07596	0.00714	0.00016	0.0	2e-05	0.0	0.0	0.0	0.0	0.0	0.0	0.0	0.0	0.0	0.0	0.0	0.0	0.0	0.0	0.0	0.0	0.0	
0.002439  2500.0  2750.0  2e-05	6e-05	4e-05	4e-05	8e-05	0.0001	8e-05	0.00012	6e-05	0.0001	8e-05	0.0003	0.00028	0.00064	0.0007	0.00062	0.00086	0.0011	0.00134	0.00166	0.00174	0.00216	0.00306	0.00404	0.00386	0.00488	0.0054	0.00696	0.00792	0.00876	0.01078	0.01208	0.01516	0.01702	0.01822	0.02068	0.02422	0.02732	0.03184	0.03686	0.0444	0.05088	0.05904	0.07662	0.10444	0.0334	0.00014	6e-05	0.0	0.0	0.0	0.0	0.0	0.0	0.0	0.0	0.0	0.0	0.0	0.0	0.0	0.0	0.0	0.0	0.0	
0.00146  2750.0  3000.0  2e-05	0.0	2e-05	4e-05	4e-05	2e-05	2e-05	6e-05	0.0001	0.00016	0.00016	0.00026	0.00018	0.00026	0.0003	0.00052	0.00058	0.00074	0.00128	0.00136	0.0014	0.0019	0.0023	0.00284	0.00354	0.00356	0.00468	0.00544	0.00624	0.0071	0.0087	0.0106	0.01204	0.01418	0.01566	0.01682	0.02064	0.02374	0.02724	0.03176	0.036	0.0397	0.04944	0.05486	0.067	0.09986	0.06088	0.00068	2e-05	2e-05	0.0	0.0	0.0	0.0	0.0	0.0	0.0	0.0	0.0	0.0	0.0	0.0	0.0	0.0	0.0	
0.001403  3000.0  3500.0  0.0	2e-05	0.0	0.0	2e-05	2e-05	4e-05	0.00014	4e-05	6e-05	8e-05	0.00016	8e-05	0.0002	0.00028	0.00028	0.00036	0.0006	0.0006	0.00102	0.0014	0.00138	0.00208	0.00222	0.00292	0.00364	0.00392	0.00512	0.00484	0.00624	0.00752	0.00832	0.00976	0.01038	0.0135	0.0142	0.01736	0.01968	0.02202	0.02614	0.02992	0.03272	0.03938	0.04424	0.05022	0.05836	0.07352	0.07766	0.0374	0.00336	0.0	0.0	0.0	0.0	0.0	0.0	0.0	0.0	0.0	0.0	0.0	0.0	0.0	0.0	0.0	
0.000504  3500.0  4000.0  0.0	0.0	2e-05	2e-05	0.0	0.0	4e-05	4e-05	2e-05	2e-05	6e-05	4e-05	4e-05	0.00016	0.00014	0.0001	0.00028	0.00032	0.00044	0.00056	0.00066	0.00086	0.00108	0.0017	0.00196	0.0026	0.00294	0.00398	0.00446	0.00534	0.00606	0.00724	0.00802	0.00958	0.01	0.01078	0.01392	0.01552	0.01676	0.01974	0.02318	0.02582	0.03022	0.03478	0.03866	0.0442	0.04842	0.05416	0.06264	0.07922	0.03968	0.00346	0.0	0.0	0.0	0.0	0.0	0.0	0.0	0.0	0.0	0.0	0.0	0.0	0.0	
0.00028  4000.0  15000.0  2e-05	2e-05	0.0	0.0	2e-05	2e-05	2e-05	2e-05	0.0	4e-05	4e-05	0.0	2e-05	4e-05	8e-05	6e-05	0.00022	0.00016	0.00036	0.00018	0.00026	0.00064	0.00068	0.00094	0.00124	0.00146	0.00218	0.00218	0.00294	0.00368	0.00536	0.00566	0.00606	0.00814	0.00882	0.00942	0.00918	0.01216	0.01358	0.01644	0.01636	0.01932	0.02276	0.0261	0.02974	0.03234	0.0365	0.04154	0.04298	0.04712	0.05504	0.06514	0.0377	0.01926	0.00988	0.00458	0.0024	0.001	0.00024	0.0002	0.0	0.0	0.0	0.0	0.0	
