#===============
# Experiment : ATLAS
# Search : 1906_05609
# ll~ : eve
# qq~ : sc~
# FF  : vector
# XY  :  LL RR
# coef : 0 0
# type : W*U3 W*U1
# Nevs : 50000
#===============
#
# XSEC	BIN_MIN	BIN_MAX 	 Kij 
# 130.0 138.982 148.585 158.852 169.828 181.562 194.107 207.519 221.857 237.186 253.575 271.095 289.827 309.852 331.261 354.15 378.62 404.781 432.749 462.65 494.616 528.792 565.329 604.39 646.15 690.796 738.526 789.555 844.109 902.433 964.786 1031.45 1102.72 1178.91 1260.36 1347.45 1440.55 1540.09 1646.5 1760.26 1881.89 2011.92 2150.93 2299.55 2458.43 2628.3 2809.9 3004.05 3211.62 3433.52 3670.76 3924.39 4195.55 4485.44 4795.36 5126.69 5480.92 5859.63 6264.5 6697.34 7160.09 7654.82 8183.73 8749.18 9353.71 10000.0 
0.2583  200.0  300.0  0.00518	0.01254	0.01908	0.02632	0.03152	0.04486	0.05894	0.06432	0.06052	0.05358	0.04676	0.03186	0.01128	0.0014	0.0003	0.0001	0.00014	4e-05	0.0	0.0	2e-05	0.0	0.0	0.0	0.0	0.0	0.0	0.0	0.0	0.0	0.0	0.0	0.0	0.0	0.0	0.0	0.0	0.0	0.0	0.0	0.0	0.0	0.0	0.0	0.0	0.0	0.0	0.0	0.0	0.0	0.0	0.0	0.0	0.0	0.0	0.0	0.0	0.0	0.0	0.0	0.0	0.0	0.0	0.0	0.0	
0.191654  300.0  400.0  0.00276	0.00516	0.00716	0.01072	0.01258	0.01616	0.02054	0.02434	0.0295	0.03506	0.0438	0.05754	0.07542	0.07796	0.06842	0.05098	0.02398	0.00284	0.0003	0.00012	4e-05	0.0	4e-05	0.0	2e-05	0.0	0.0	0.0	0.0	0.0	0.0	0.0	0.0	0.0	0.0	0.0	0.0	0.0	0.0	0.0	0.0	0.0	0.0	0.0	0.0	0.0	0.0	0.0	0.0	0.0	0.0	0.0	0.0	0.0	0.0	0.0	0.0	0.0	0.0	0.0	0.0	0.0	0.0	0.0	0.0	
0.14435  400.0  500.0  0.00102	0.00238	0.00466	0.00538	0.0072	0.00916	0.01068	0.01296	0.01492	0.01922	0.02178	0.02606	0.03202	0.0361	0.0456	0.05724	0.08128	0.0927	0.07536	0.0441	0.0069	0.00054	0.00022	4e-05	8e-05	2e-05	2e-05	0.0	0.0	0.0	2e-05	0.0	2e-05	0.0	0.0	0.0	0.0	0.0	0.0	0.0	0.0	0.0	0.0	0.0	0.0	0.0	0.0	0.0	0.0	0.0	0.0	0.0	0.0	0.0	0.0	0.0	0.0	0.0	0.0	0.0	0.0	0.0	0.0	0.0	0.0	
0.110134  500.0  600.0  0.00072	0.00184	0.00244	0.00334	0.00432	0.00542	0.00624	0.0079	0.00956	0.01078	0.01318	0.01674	0.01862	0.02168	0.0254	0.0311	0.03658	0.0446	0.05428	0.07826	0.10164	0.0837	0.03834	0.00262	0.00022	8e-05	4e-05	4e-05	2e-05	0.0	2e-05	2e-05	0.0	0.0	0.0	0.0	0.0	0.0	0.0	0.0	0.0	0.0	0.0	0.0	0.0	0.0	0.0	0.0	0.0	0.0	0.0	0.0	0.0	0.0	0.0	0.0	0.0	0.0	0.0	0.0	0.0	0.0	0.0	0.0	0.0	
0.085094  600.0  700.0  0.00052	0.00112	0.00162	0.0021	0.00256	0.00336	0.0049	0.0053	0.00626	0.00758	0.0093	0.01098	0.01358	0.01474	0.01752	0.02064	0.02336	0.02718	0.03338	0.04016	0.04894	0.0626	0.0894	0.1045	0.06406	0.00848	0.00048	0.00022	8e-05	2e-05	2e-05	0.0	0.0	0.0	0.0	0.0	0.0	0.0	0.0	0.0	0.0	0.0	0.0	0.0	0.0	0.0	0.0	0.0	0.0	0.0	0.0	0.0	0.0	0.0	0.0	0.0	0.0	0.0	0.0	0.0	0.0	0.0	0.0	0.0	0.0	
0.066344  700.0  800.0  0.00022	0.00078	0.00108	0.0017	0.00196	0.00218	0.00316	0.00388	0.00464	0.00494	0.0059	0.00736	0.0088	0.01094	0.01272	0.01422	0.01752	0.01924	0.02254	0.02788	0.03358	0.03746	0.04662	0.06062	0.08258	0.11478	0.07434	0.00874	0.0004	0.00016	2e-05	2e-05	2e-05	2e-05	0.0	0.0	0.0	0.0	0.0	0.0	0.0	0.0	0.0	0.0	0.0	0.0	0.0	0.0	0.0	0.0	0.0	0.0	0.0	0.0	0.0	0.0	0.0	0.0	0.0	0.0	0.0	0.0	0.0	0.0	0.0	
0.052166  800.0  900.0  0.00028	0.00044	0.00068	0.00098	0.00134	0.00174	0.00256	0.00248	0.00294	0.00434	0.00464	0.00544	0.00684	0.00812	0.00934	0.01136	0.01186	0.01554	0.01752	0.02	0.02536	0.02696	0.03366	0.03978	0.04794	0.05998	0.0829	0.11978	0.06118	0.0032	0.00026	0.00012	6e-05	0.0	0.0	0.0	0.0	0.0	0.0	0.0	0.0	0.0	0.0	0.0	0.0	0.0	0.0	0.0	0.0	0.0	0.0	0.0	0.0	0.0	0.0	0.0	0.0	0.0	0.0	0.0	0.0	0.0	0.0	0.0	0.0	
0.04133  900.0  1000.0  0.00016	0.00032	0.00074	0.0007	0.00078	0.00124	0.00156	0.00186	0.00292	0.003	0.00368	0.00424	0.00424	0.00578	0.0069	0.0073	0.00976	0.01156	0.01376	0.01594	0.019	0.0212	0.02518	0.03012	0.03708	0.04422	0.05042	0.06324	0.099	0.11626	0.03176	0.00076	0.00016	6e-05	2e-05	0.0	0.0	0.0	0.0	0.0	0.0	0.0	0.0	0.0	0.0	0.0	0.0	0.0	0.0	0.0	0.0	0.0	0.0	0.0	0.0	0.0	0.0	0.0	0.0	0.0	0.0	0.0	0.0	0.0	0.0	
0.059294  1000.0  1200.0  0.00018	0.0003	0.00032	0.00052	0.0006	0.00062	0.00098	0.00156	0.002	0.0017	0.0028	0.00298	0.00348	0.00422	0.00472	0.00552	0.00778	0.00772	0.0093	0.01068	0.01368	0.016	0.01764	0.0212	0.02532	0.03032	0.03542	0.04264	0.05144	0.0657	0.09852	0.08698	0.05112	0.0063	0.0002	8e-05	2e-05	2e-05	2e-05	0.0	0.0	0.0	0.0	0.0	0.0	0.0	0.0	0.0	0.0	0.0	0.0	0.0	0.0	0.0	0.0	0.0	0.0	0.0	0.0	0.0	0.0	0.0	0.0	0.0	0.0	
0.03832  1200.0  1400.0  8e-05	0.00018	0.00022	0.00032	0.0004	0.00058	0.00048	0.00078	0.00082	0.00128	0.00156	0.00202	0.00236	0.00308	0.00324	0.00378	0.00448	0.00522	0.00678	0.00784	0.00868	0.011	0.01314	0.0138	0.01698	0.0194	0.02274	0.0271	0.03278	0.03846	0.04532	0.05488	0.07444	0.10602	0.07322	0.0205	0.00024	0.0001	2e-05	4e-05	0.0	0.0	0.0	0.0	0.0	0.0	0.0	0.0	0.0	0.0	0.0	0.0	0.0	0.0	0.0	0.0	0.0	0.0	0.0	0.0	0.0	0.0	0.0	0.0	0.0	
0.025156  1400.0  1600.0  4e-05	4e-05	0.00014	0.00012	0.00022	0.00032	0.00044	0.00054	0.00074	0.00066	0.00112	0.00136	0.00148	0.00218	0.0022	0.0027	0.0033	0.00374	0.00438	0.00482	0.0064	0.00786	0.00926	0.00998	0.0129	0.01416	0.01554	0.0199	0.0217	0.02596	0.0312	0.0373	0.04404	0.05366	0.06764	0.10394	0.08252	0.02176	0.0004	6e-05	2e-05	0.0	0.0	0.0	0.0	0.0	0.0	0.0	0.0	0.0	0.0	0.0	0.0	0.0	0.0	0.0	0.0	0.0	0.0	0.0	0.0	0.0	0.0	0.0	0.0	
0.016729  1600.0  1800.0  0.0	8e-05	0.00016	0.00022	0.00012	0.00018	0.00028	0.00058	0.0006	0.0005	0.00072	0.0007	0.00118	0.00136	0.0017	0.00224	0.0023	0.00264	0.00324	0.0039	0.00526	0.00494	0.00562	0.00754	0.00848	0.01134	0.01298	0.015	0.01682	0.02054	0.02412	0.02754	0.03252	0.03658	0.04422	0.0528	0.07124	0.10778	0.08116	0.01168	0.0002	8e-05	0.0	0.0	0.0	0.0	0.0	0.0	0.0	0.0	0.0	0.0	0.0	0.0	0.0	0.0	0.0	0.0	0.0	0.0	0.0	0.0	0.0	0.0	0.0	
0.01121  1800.0  2000.0  2e-05	4e-05	4e-05	6e-05	0.0001	0.00016	0.0002	0.00026	0.00028	0.0004	0.00038	0.00062	0.00098	0.00112	0.00128	0.0014	0.00188	0.00216	0.00242	0.003	0.00364	0.00424	0.00534	0.00606	0.00704	0.00852	0.00974	0.01148	0.01488	0.01604	0.01888	0.0219	0.02378	0.03034	0.0349	0.04002	0.04664	0.0555	0.07266	0.11076	0.05514	0.0008	0.00012	2e-05	0.0	0.0	0.0	0.0	0.0	0.0	0.0	0.0	0.0	0.0	0.0	0.0	0.0	0.0	0.0	0.0	0.0	0.0	0.0	0.0	0.0	
0.009066  2000.0  2250.0  6e-05	2e-05	4e-05	2e-05	0.00012	4e-05	8e-05	0.00016	0.00012	6e-05	0.00034	0.00038	0.00046	0.00068	0.00086	0.00124	0.00116	0.00168	0.00232	0.00228	0.00286	0.00342	0.00398	0.00468	0.00578	0.0065	0.00812	0.00926	0.01126	0.01326	0.01476	0.01666	0.01946	0.02408	0.02724	0.03182	0.03616	0.04248	0.0485	0.06106	0.0884	0.0933	0.02874	0.00012	4e-05	2e-05	0.0	0.0	0.0	0.0	0.0	0.0	0.0	0.0	0.0	0.0	0.0	0.0	0.0	0.0	0.0	0.0	0.0	0.0	0.0	
0.005613  2250.0  2500.0  6e-05	2e-05	2e-05	4e-05	0.0	8e-05	4e-05	8e-05	8e-05	0.00014	0.00016	0.00022	0.00046	0.0005	0.00038	0.0008	0.00092	0.00118	0.00158	0.00214	0.00218	0.00276	0.00344	0.00414	0.00434	0.00458	0.00594	0.00732	0.00862	0.0094	0.0121	0.01366	0.01578	0.01786	0.02084	0.02508	0.0264	0.03192	0.03894	0.0448	0.05274	0.06598	0.09996	0.0739	0.00684	0.00012	6e-05	2e-05	2e-05	0.0	0.0	0.0	0.0	0.0	0.0	0.0	0.0	0.0	0.0	0.0	0.0	0.0	0.0	0.0	0.0	
0.003511  2500.0  2750.0  0.0	4e-05	0.0	4e-05	4e-05	2e-05	0.0	8e-05	0.0001	0.0001	0.00016	0.00018	0.00022	0.00024	0.00048	0.00056	0.00062	0.00104	0.0008	0.00128	0.00128	0.00242	0.0025	0.00268	0.00332	0.0045	0.00498	0.00632	0.00666	0.00844	0.0094	0.01168	0.01342	0.01446	0.01724	0.01972	0.02378	0.02634	0.03048	0.03534	0.04208	0.04754	0.05626	0.07426	0.1029	0.0325	0.00018	2e-05	2e-05	2e-05	0.0	2e-05	0.0	0.0	0.0	0.0	0.0	0.0	0.0	0.0	0.0	0.0	0.0	0.0	0.0	
0.002213  2750.0  3000.0  2e-05	6e-05	2e-05	4e-05	2e-05	4e-05	2e-05	6e-05	0.0001	0.0001	8e-05	2e-05	0.0002	0.00018	0.00028	0.00044	0.0005	0.0008	0.00094	0.0009	0.00124	0.00168	0.00166	0.00236	0.00296	0.00312	0.00382	0.0044	0.00536	0.00682	0.00846	0.00912	0.00994	0.0128	0.0143	0.01696	0.02058	0.02218	0.02662	0.03036	0.03536	0.03886	0.04476	0.05342	0.06376	0.09816	0.06184	0.0006	0.0	2e-05	0.0	0.0	0.0	0.0	0.0	0.0	0.0	0.0	0.0	0.0	0.0	0.0	0.0	0.0	0.0	
0.002305  3000.0  3500.0  2e-05	2e-05	0.0	2e-05	0.0	4e-05	0.0	2e-05	0.0	2e-05	4e-05	8e-05	0.00012	4e-05	0.0001	0.00022	0.00028	0.00032	0.00052	0.0009	0.00106	0.00104	0.0013	0.00168	0.00236	0.0025	0.00326	0.00428	0.0046	0.00542	0.00654	0.00742	0.00914	0.01124	0.01236	0.01284	0.0167	0.01892	0.02106	0.02526	0.0283	0.02958	0.03608	0.04158	0.04848	0.0556	0.07194	0.0763	0.0369	0.00398	2e-05	0.0	0.0	0.0	0.0	0.0	0.0	0.0	0.0	0.0	0.0	0.0	0.0	0.0	0.0	
0.000951  3500.0  4000.0  0.0	2e-05	0.0	0.0	0.0	0.0	2e-05	2e-05	6e-05	0.0	4e-05	0.0	8e-05	2e-05	0.0001	0.00014	0.00022	0.0002	0.00016	0.00044	0.00046	0.00042	0.0007	0.00116	0.0017	0.00148	0.00192	0.00238	0.00322	0.0042	0.00468	0.00546	0.00648	0.00762	0.00908	0.0111	0.01242	0.01512	0.01734	0.02056	0.02248	0.02418	0.02818	0.03078	0.0356	0.04244	0.04606	0.05132	0.06198	0.07994	0.04004	0.00384	0.0	0.0	0.0	0.0	0.0	0.0	0.0	0.0	0.0	0.0	0.0	0.0	0.0	
0.000698  4000.0  15000.0  0.0	0.0	2e-05	0.0	0.0	0.0	2e-05	0.0	2e-05	2e-05	0.0	0.0	2e-05	2e-05	4e-05	4e-05	0.00012	6e-05	6e-05	6e-05	6e-05	0.00024	0.00036	0.00026	0.0005	0.00078	0.00102	0.0016	0.00204	0.00164	0.00368	0.00428	0.0045	0.0052	0.00638	0.00836	0.01006	0.01214	0.01344	0.0143	0.01648	0.01884	0.02044	0.0235	0.02556	0.0284	0.0322	0.0345	0.04044	0.04488	0.05388	0.061	0.03894	0.02462	0.01242	0.00706	0.00372	0.00156	0.00052	0.00024	0.0001	2e-05	0.0	0.0	0.0	
