#===============
# Experiment : ATLAS
# Search : 1906_05609
# ll~ : eve
# qq~ : us~
# FF  : vector
# XY  :  LL RR
# coef : 0 0
# type : U3*U3 U1*U1
# Nevs : 50000
#===============
#
# XSEC	BIN_MIN	BIN_MAX 	 Kij 
# 130.0 138.982 148.585 158.852 169.828 181.562 194.107 207.519 221.857 237.186 253.575 271.095 289.827 309.852 331.261 354.15 378.62 404.781 432.749 462.65 494.616 528.792 565.329 604.39 646.15 690.796 738.526 789.555 844.109 902.433 964.786 1031.45 1102.72 1178.91 1260.36 1347.45 1440.55 1540.09 1646.5 1760.26 1881.89 2011.92 2150.93 2299.55 2458.43 2628.3 2809.9 3004.05 3211.62 3433.52 3670.76 3924.39 4195.55 4485.44 4795.36 5126.69 5480.92 5859.63 6264.5 6697.34 7160.09 7654.82 8183.73 8749.18 9353.71 10000.0 
0.98516  200.0  300.0  0.0066	0.01504	0.01994	0.02746	0.0336	0.04082	0.05114	0.05448	0.05412	0.04944	0.0397	0.03016	0.0105	0.00166	0.00038	0.0003	8e-05	2e-05	4e-05	2e-05	4e-05	2e-05	2e-05	0.0	2e-05	2e-05	0.0	0.0	0.0	0.0	0.0	0.0	0.0	0.0	0.0	0.0	0.0	0.0	0.0	0.0	0.0	0.0	0.0	0.0	0.0	0.0	0.0	0.0	0.0	0.0	0.0	0.0	0.0	0.0	0.0	0.0	0.0	0.0	0.0	0.0	0.0	0.0	0.0	0.0	0.0	
0.89482  300.0  400.0  0.00352	0.00692	0.0105	0.01306	0.0165	0.01878	0.02306	0.0283	0.0327	0.03592	0.0428	0.05228	0.06892	0.07216	0.06288	0.0459	0.02374	0.00236	0.0003	0.00024	0.0002	0.00014	4e-05	6e-05	2e-05	2e-05	0.0	2e-05	2e-05	0.0	0.0	0.0	0.0	0.0	0.0	0.0	0.0	0.0	0.0	0.0	0.0	0.0	0.0	0.0	0.0	0.0	0.0	0.0	0.0	0.0	0.0	0.0	0.0	0.0	0.0	0.0	0.0	0.0	0.0	0.0	0.0	0.0	0.0	0.0	0.0	
0.80008  400.0  500.0  0.00192	0.0044	0.00594	0.00798	0.00926	0.0126	0.01444	0.01642	0.0197	0.02134	0.02586	0.03018	0.03534	0.04032	0.04566	0.05566	0.0747	0.0871	0.06842	0.04196	0.00662	0.0006	0.00018	0.00018	4e-05	0.00012	6e-05	0.0	2e-05	0.0	0.0	0.0	0.0	0.0	0.0	0.0	0.0	2e-05	0.0	0.0	0.0	0.0	0.0	0.0	0.0	0.0	0.0	0.0	0.0	0.0	0.0	0.0	0.0	0.0	0.0	0.0	0.0	0.0	0.0	0.0	0.0	0.0	0.0	0.0	0.0	
0.70912  500.0  600.0  0.00122	0.00278	0.00394	0.00514	0.00634	0.00722	0.00886	0.0113	0.01372	0.0151	0.01748	0.02016	0.0226	0.02504	0.03054	0.03528	0.04158	0.04784	0.05632	0.071	0.09588	0.078	0.03654	0.00254	0.00046	0.00022	0.00012	8e-05	6e-05	6e-05	2e-05	0.0	0.0	0.0	0.0	0.0	0.0	0.0	0.0	0.0	0.0	0.0	0.0	0.0	0.0	0.0	0.0	0.0	0.0	0.0	0.0	0.0	0.0	0.0	0.0	0.0	0.0	0.0	0.0	0.0	0.0	0.0	0.0	0.0	0.0	
0.6257  600.0  700.0  0.00074	0.00178	0.00274	0.00356	0.00402	0.005	0.00632	0.00656	0.00908	0.0097	0.01242	0.014	0.01582	0.01828	0.02132	0.0249	0.02774	0.03244	0.0375	0.04382	0.05144	0.06284	0.08842	0.0984	0.06324	0.00766	0.00052	0.0003	0.00014	0.0001	4e-05	6e-05	4e-05	0.0	0.0	2e-05	0.0	0.0	0.0	0.0	0.0	0.0	0.0	0.0	0.0	0.0	0.0	0.0	0.0	0.0	0.0	0.0	0.0	0.0	0.0	0.0	0.0	0.0	0.0	0.0	0.0	0.0	0.0	0.0	0.0	
0.5504  700.0  800.0  0.00064	0.00116	0.00182	0.00274	0.00306	0.00388	0.00422	0.00562	0.00652	0.00768	0.0087	0.01044	0.01214	0.01378	0.01656	0.0178	0.02164	0.02392	0.02806	0.03206	0.0366	0.04406	0.0516	0.06006	0.08022	0.11036	0.0708	0.00904	0.00072	0.00026	8e-05	8e-05	0.0	2e-05	4e-05	0.0	0.0	0.0	2e-05	0.0	0.0	0.0	0.0	0.0	0.0	0.0	0.0	0.0	0.0	0.0	0.0	0.0	0.0	0.0	0.0	0.0	0.0	0.0	0.0	0.0	0.0	0.0	0.0	0.0	0.0	
0.48314  800.0  900.0  0.0005	0.001	0.00114	0.0017	0.00244	0.00306	0.00396	0.00454	0.00514	0.00588	0.00602	0.00808	0.00916	0.01008	0.01194	0.01462	0.01592	0.0191	0.02142	0.02434	0.029	0.03308	0.0375	0.04418	0.05004	0.06236	0.08246	0.11346	0.06192	0.00338	0.00048	0.00022	8e-05	0.0001	2e-05	0.0	0.0	2e-05	0.0	0.0	0.0	0.0	0.0	0.0	0.0	0.0	0.0	0.0	0.0	0.0	0.0	0.0	0.0	0.0	0.0	0.0	0.0	0.0	0.0	0.0	0.0	0.0	0.0	0.0	0.0	
0.4232  900.0  1000.0  0.00028	0.00084	0.00118	0.00126	0.0016	0.00218	0.00274	0.00294	0.00372	0.0045	0.00556	0.00624	0.00662	0.0078	0.0096	0.01052	0.01282	0.0152	0.01654	0.02046	0.02188	0.02654	0.03128	0.0359	0.03948	0.04688	0.05346	0.06786	0.093	0.11036	0.03172	0.00068	0.00032	0.00014	4e-05	2e-05	4e-05	0.0	0.0	0.0	2e-05	0.0	0.0	0.0	0.0	0.0	0.0	0.0	0.0	0.0	0.0	0.0	0.0	0.0	0.0	0.0	0.0	0.0	0.0	0.0	0.0	0.0	0.0	0.0	0.0	
0.69434  1000.0  1200.0  0.00026	0.00038	0.00068	0.00086	0.00134	0.00142	0.0022	0.00246	0.00294	0.00324	0.00414	0.00402	0.00544	0.00626	0.00784	0.00778	0.00946	0.01102	0.01268	0.01382	0.0162	0.01892	0.0211	0.0259	0.02952	0.03426	0.03848	0.0462	0.05428	0.06712	0.09548	0.08644	0.05374	0.00692	0.00052	8e-05	0.0001	4e-05	0.0	0.0	0.0	0.0	2e-05	0.0	0.0	0.0	0.0	0.0	0.0	0.0	0.0	0.0	0.0	0.0	0.0	0.0	0.0	0.0	0.0	0.0	0.0	0.0	0.0	0.0	0.0	
0.5291  1200.0  1400.0  0.00014	0.00034	0.0006	0.00062	0.00074	0.00114	0.0012	0.00158	0.002	0.0025	0.0023	0.00268	0.004	0.00414	0.00488	0.0055	0.0065	0.00756	0.0089	0.01064	0.01244	0.01296	0.01596	0.01766	0.02178	0.02408	0.02752	0.03066	0.036	0.04244	0.04878	0.05854	0.07596	0.10518	0.07414	0.02088	0.00034	0.00016	8e-05	2e-05	2e-05	0.0	2e-05	0.0	0.0	0.0	0.0	0.0	0.0	0.0	0.0	0.0	0.0	0.0	0.0	0.0	0.0	0.0	0.0	0.0	0.0	0.0	0.0	0.0	0.0	
0.40162  1400.0  1600.0  0.0001	0.00024	0.00032	0.00058	0.00046	0.00088	0.00088	0.00066	0.00142	0.0016	0.00212	0.00238	0.00258	0.00248	0.00348	0.0041	0.00492	0.0053	0.00578	0.00742	0.00888	0.01062	0.01182	0.0135	0.0154	0.01836	0.02052	0.02254	0.0267	0.03086	0.03488	0.03896	0.04748	0.05448	0.07042	0.10234	0.08902	0.02322	0.0005	0.0001	2e-05	4e-05	2e-05	2e-05	0.0	0.0	0.0	0.0	0.0	0.0	0.0	0.0	0.0	0.0	0.0	0.0	0.0	0.0	0.0	0.0	0.0	0.0	0.0	0.0	0.0	
0.3033  1600.0  1800.0  8e-05	0.00028	0.00038	0.00032	0.00032	0.00042	0.00068	0.00084	0.00084	0.00086	0.00138	0.00188	0.00208	0.00172	0.00266	0.00326	0.0033	0.00412	0.0048	0.0051	0.0064	0.00788	0.00918	0.0113	0.01168	0.01252	0.01608	0.0189	0.01994	0.02394	0.02908	0.03206	0.03598	0.04108	0.04706	0.05498	0.07122	0.1076	0.08268	0.01202	0.00034	6e-05	6e-05	2e-05	0.0	0.0	0.0	2e-05	0.0	0.0	0.0	0.0	0.0	0.0	0.0	0.0	0.0	0.0	0.0	0.0	0.0	0.0	0.0	0.0	0.0	
0.2282  1800.0  2000.0  0.00012	0.0001	0.00014	0.00024	0.00022	0.00026	0.00066	0.00066	0.00054	0.00066	0.00092	0.00108	0.00114	0.00164	0.00186	0.00234	0.00294	0.0029	0.00384	0.00396	0.005	0.0062	0.00702	0.00842	0.00958	0.01062	0.01252	0.01444	0.01682	0.01866	0.02158	0.02488	0.02702	0.03294	0.03704	0.04376	0.05132	0.0594	0.07752	0.11118	0.05554	0.00104	0.00022	0.0001	2e-05	2e-05	0.0	0.0	0.0	0.0	0.0	0.0	0.0	0.0	0.0	0.0	0.0	0.0	0.0	0.0	0.0	0.0	0.0	0.0	0.0	
0.20642  2000.0  2250.0  2e-05	0.00014	0.00012	0.0002	0.0002	0.00026	0.00036	0.00034	0.00048	0.00054	0.00074	0.00072	0.0011	0.00144	0.00144	0.00174	0.00204	0.00244	0.00328	0.00282	0.00402	0.00478	0.0056	0.00634	0.00684	0.00922	0.01002	0.01102	0.01278	0.01544	0.01784	0.02014	0.02212	0.02696	0.02884	0.03592	0.03988	0.04748	0.05202	0.06234	0.09082	0.09642	0.03132	0.00038	4e-05	0.0	0.0	2e-05	0.0	0.0	0.0	0.0	0.0	0.0	0.0	0.0	0.0	0.0	0.0	0.0	0.0	0.0	0.0	0.0	0.0	
0.142814  2250.0  2500.0  0.00012	0.0001	4e-05	0.00012	8e-05	0.00018	0.0002	0.00024	0.00038	0.00046	0.00048	0.0008	0.00088	0.00092	0.00114	0.00126	0.002	0.00198	0.00226	0.00262	0.00314	0.00332	0.00408	0.00484	0.0057	0.00724	0.00742	0.0096	0.01082	0.01236	0.01438	0.01596	0.01794	0.02192	0.02462	0.0272	0.03272	0.0369	0.04192	0.04846	0.05524	0.06766	0.10022	0.07914	0.00866	8e-05	0.0	0.0	0.0	0.0	0.0	0.0	0.0	0.0	0.0	0.0	0.0	0.0	0.0	0.0	0.0	0.0	0.0	0.0	0.0	
0.097982  2500.0  2750.0  4e-05	6e-05	0.0	0.0	4e-05	4e-05	0.0002	0.00028	0.00022	0.00034	0.00062	0.00032	0.00068	0.00088	0.00096	0.0012	0.00118	0.00212	0.00198	0.00182	0.00234	0.00302	0.00336	0.0035	0.00464	0.00602	0.0064	0.00758	0.00896	0.00964	0.0112	0.0127	0.01522	0.0171	0.02056	0.02376	0.02674	0.02922	0.03578	0.04068	0.04468	0.05266	0.05942	0.07968	0.10196	0.03318	0.00038	6e-05	0.0	0.0	0.0	0.0	0.0	0.0	0.0	0.0	0.0	0.0	0.0	0.0	0.0	0.0	0.0	0.0	0.0	
0.066698  2750.0  3000.0  0.0	0.0	4e-05	4e-05	4e-05	0.0	0.00014	0.00012	0.0001	0.0002	0.00022	0.00032	0.00046	0.0007	0.0008	0.00098	0.00102	0.00124	0.00162	0.00188	0.00244	0.00244	0.00302	0.00312	0.00396	0.00492	0.0052	0.0061	0.0074	0.00778	0.0096	0.0109	0.0137	0.01514	0.01728	0.02	0.02254	0.02602	0.02896	0.03374	0.03776	0.0437	0.04958	0.05504	0.0644	0.09832	0.0645	0.00096	8e-05	4e-05	0.0	0.0	0.0	0.0	0.0	0.0	0.0	0.0	0.0	0.0	0.0	0.0	0.0	0.0	0.0	
0.07509  3000.0  3500.0  0.0	4e-05	2e-05	4e-05	4e-05	6e-05	2e-05	0.0	2e-05	0.0001	2e-05	0.00028	0.00036	0.00036	0.00046	0.0005	0.00086	0.0008	0.00106	0.00146	0.00182	0.00222	0.00232	0.00274	0.00316	0.00418	0.00422	0.00504	0.006	0.00614	0.0075	0.00902	0.01134	0.01106	0.0142	0.0164	0.019	0.02062	0.02492	0.02722	0.03288	0.03684	0.04072	0.04656	0.05126	0.05746	0.07156	0.08016	0.039	0.004	4e-05	0.0	0.0	0.0	0.0	0.0	0.0	0.0	0.0	0.0	0.0	0.0	0.0	0.0	0.0	
0.03288  3500.0  4000.0  0.0	0.0	4e-05	0.0	2e-05	0.0	4e-05	2e-05	2e-05	8e-05	0.0001	0.00012	6e-05	0.0001	0.0002	0.00032	0.00038	0.00054	0.00082	0.00094	0.00106	0.0013	0.00192	0.00214	0.0026	0.00312	0.0034	0.00418	0.0047	0.00444	0.00604	0.00718	0.00744	0.00832	0.00998	0.01234	0.01498	0.0163	0.01878	0.02212	0.02518	0.02894	0.03256	0.03736	0.04046	0.04676	0.0488	0.055	0.06386	0.0795	0.0391	0.00354	2e-05	0.0	0.0	0.0	0.0	0.0	0.0	0.0	0.0	0.0	0.0	0.0	0.0	
0.023018  4000.0  15000.0  0.0	4e-05	0.0	0.0	0.0	0.0	2e-05	2e-05	2e-05	0.0	4e-05	0.0	2e-05	6e-05	4e-05	0.00018	0.00014	0.00018	0.00026	0.00054	0.00064	0.00082	0.0009	0.0014	0.00188	0.0025	0.00228	0.00324	0.00324	0.00406	0.0051	0.00548	0.00552	0.0065	0.00726	0.00886	0.00966	0.01124	0.013	0.01566	0.0186	0.02084	0.0236	0.02782	0.03026	0.03436	0.03842	0.04098	0.0441	0.04762	0.05298	0.06494	0.03872	0.02176	0.01214	0.00558	0.00286	0.00138	0.00082	0.00034	0.00012	4e-05	6e-05	0.0	0.0	
