#===============
# Experiment : ATLAS
# Search : 1906_05609
# ll~ : eve
# qq~ : ub~
# FF  : vector
# XY  :  LL RR
# coef : 0 0
# type : W*U3 W*U1
# Nevs : 50000
#===============
#
# XSEC	BIN_MIN	BIN_MAX 	 Kij 
# 130.0 138.982 148.585 158.852 169.828 181.562 194.107 207.519 221.857 237.186 253.575 271.095 289.827 309.852 331.261 354.15 378.62 404.781 432.749 462.65 494.616 528.792 565.329 604.39 646.15 690.796 738.526 789.555 844.109 902.433 964.786 1031.45 1102.72 1178.91 1260.36 1347.45 1440.55 1540.09 1646.5 1760.26 1881.89 2011.92 2150.93 2299.55 2458.43 2628.3 2809.9 3004.05 3211.62 3433.52 3670.76 3924.39 4195.55 4485.44 4795.36 5126.69 5480.92 5859.63 6264.5 6697.34 7160.09 7654.82 8183.73 8749.18 9353.71 10000.0 
0.10557  200.0  300.0  0.00588	0.01438	0.02124	0.02836	0.03532	0.04268	0.05198	0.05476	0.05098	0.04184	0.0324	0.02108	0.0082	0.00146	0.00054	0.00022	2e-05	0.0001	0.00012	8e-05	2e-05	2e-05	0.0	4e-05	0.0	0.0	0.0	0.0	0.0	0.0	0.0	0.0	0.0	0.0	0.0	0.0	0.0	0.0	0.0	0.0	0.0	0.0	0.0	0.0	0.0	0.0	0.0	0.0	0.0	0.0	0.0	0.0	0.0	0.0	0.0	0.0	0.0	0.0	0.0	0.0	0.0	0.0	0.0	0.0	0.0	
0.044245  300.0  400.0  0.003	0.00738	0.00924	0.01368	0.01592	0.01928	0.0228	0.02844	0.03224	0.03754	0.04462	0.05588	0.0716	0.07112	0.05854	0.04012	0.01862	0.00242	0.00062	0.00028	0.00018	0.0001	0.0001	4e-05	2e-05	2e-05	0.0	0.0	0.0	0.0	0.0	0.0	0.0	0.0	0.0	0.0	0.0	0.0	0.0	0.0	0.0	0.0	0.0	0.0	0.0	0.0	0.0	0.0	0.0	0.0	0.0	0.0	0.0	0.0	0.0	0.0	0.0	0.0	0.0	0.0	0.0	0.0	0.0	0.0	0.0	
0.022793  400.0  500.0  0.0018	0.00418	0.00572	0.00732	0.00956	0.01168	0.01376	0.01532	0.02086	0.02234	0.0254	0.03022	0.03556	0.0405	0.04756	0.05588	0.0762	0.0849	0.06236	0.0365	0.0062	0.00094	0.00048	0.00014	0.00016	6e-05	4e-05	6e-05	0.0	2e-05	0.0	0.0	2e-05	0.0	0.0	0.0	0.0	0.0	0.0	0.0	0.0	0.0	0.0	0.0	0.0	0.0	0.0	0.0	0.0	0.0	0.0	0.0	0.0	0.0	0.0	0.0	0.0	0.0	0.0	0.0	0.0	0.0	0.0	0.0	0.0	
0.013116  500.0  600.0  0.00142	0.0024	0.00418	0.00468	0.00628	0.00772	0.00974	0.01114	0.01322	0.01592	0.01726	0.01958	0.02464	0.02578	0.0299	0.03548	0.03994	0.04676	0.05712	0.07192	0.09538	0.07296	0.03386	0.00302	0.0005	0.00042	0.00012	0.00012	2e-05	2e-05	0.0	2e-05	0.0	2e-05	0.0	0.0	0.0	0.0	0.0	0.0	0.0	0.0	0.0	0.0	0.0	0.0	0.0	0.0	0.0	0.0	0.0	0.0	0.0	0.0	0.0	0.0	0.0	0.0	0.0	0.0	0.0	0.0	0.0	0.0	0.0	
0.0081  600.0  700.0  0.00076	0.00186	0.00292	0.0036	0.00412	0.00482	0.006	0.00762	0.00902	0.01056	0.01246	0.01374	0.0149	0.01998	0.0208	0.02556	0.02756	0.03414	0.03824	0.045	0.0524	0.06308	0.08722	0.09798	0.05682	0.00814	0.00098	0.00042	0.00014	0.00022	6e-05	4e-05	2e-05	0.0	0.0	0.0	0.0	0.0	0.0	0.0	0.0	0.0	0.0	0.0	0.0	0.0	0.0	0.0	0.0	0.0	0.0	0.0	0.0	0.0	0.0	0.0	0.0	0.0	0.0	0.0	0.0	0.0	0.0	0.0	0.0	
0.005259  700.0  800.0  0.0007	0.00104	0.00174	0.00278	0.00324	0.00414	0.00458	0.00522	0.0063	0.00712	0.00932	0.0109	0.012	0.01474	0.01648	0.01854	0.02072	0.02484	0.0279	0.0332	0.03682	0.04206	0.04944	0.05982	0.08342	0.1096	0.06632	0.0097	0.00082	0.00026	0.0001	6e-05	0.0	4e-05	2e-05	2e-05	0.0	4e-05	0.0	0.0	0.0	0.0	0.0	0.0	0.0	0.0	0.0	0.0	0.0	0.0	0.0	0.0	0.0	0.0	0.0	0.0	0.0	0.0	0.0	0.0	0.0	0.0	0.0	0.0	0.0	
0.003541  800.0  900.0  0.00054	0.00098	0.00146	0.00164	0.00186	0.00286	0.00364	0.00394	0.00492	0.0062	0.00648	0.00764	0.00916	0.01036	0.01104	0.01458	0.01568	0.01772	0.02114	0.02372	0.0299	0.03316	0.03984	0.0434	0.05198	0.06148	0.08378	0.11442	0.05954	0.00362	0.00058	0.00034	0.00014	0.00012	2e-05	4e-05	4e-05	0.0	0.0	2e-05	0.0	0.0	0.0	0.0	0.0	0.0	0.0	0.0	0.0	0.0	0.0	0.0	0.0	0.0	0.0	0.0	0.0	0.0	0.0	0.0	0.0	0.0	0.0	0.0	0.0	
0.002452  900.0  1000.0  0.00032	0.00098	0.00086	0.00118	0.00158	0.00238	0.00272	0.00312	0.00374	0.00418	0.00488	0.00604	0.00684	0.00868	0.00918	0.0114	0.01318	0.01402	0.01734	0.01916	0.02192	0.02588	0.03032	0.03494	0.03988	0.04638	0.05654	0.06752	0.09578	0.10836	0.02978	0.00132	0.00026	0.00024	2e-05	6e-05	0.0	0.0	0.0	2e-05	0.0	0.0	0.0	0.0	0.0	0.0	0.0	0.0	0.0	0.0	0.0	0.0	0.0	0.0	0.0	0.0	0.0	0.0	0.0	0.0	0.0	0.0	0.0	0.0	0.0	
0.002989  1000.0  1200.0  0.00046	0.00064	0.0008	0.00106	0.00098	0.00158	0.00186	0.00206	0.00278	0.0035	0.00396	0.00444	0.00464	0.00616	0.00622	0.00866	0.00968	0.01166	0.01286	0.0154	0.0163	0.01856	0.0223	0.0257	0.03052	0.03348	0.03886	0.04596	0.0534	0.07052	0.09572	0.08606	0.04894	0.0065	0.00046	0.0002	0.0001	4e-05	0.0	2e-05	0.0	0.0	0.0	0.0	0.0	0.0	0.0	2e-05	0.0	0.0	0.0	0.0	0.0	0.0	0.0	0.0	0.0	0.0	0.0	0.0	0.0	0.0	0.0	0.0	0.0	
0.001598  1200.0  1400.0  0.00024	0.00032	0.00056	0.00058	0.0008	0.00094	0.00122	0.0013	0.0018	0.00222	0.00284	0.00308	0.00316	0.00362	0.00496	0.0056	0.00648	0.00774	0.00858	0.01008	0.01216	0.01274	0.01554	0.01716	0.02066	0.0232	0.02674	0.03148	0.03662	0.04244	0.04932	0.05868	0.0767	0.10862	0.0727	0.02052	0.00052	0.00028	0.0001	2e-05	2e-05	0.0	0.0	0.0	0.0	0.0	0.0	0.0	0.0	0.0	0.0	0.0	0.0	0.0	0.0	0.0	0.0	0.0	0.0	0.0	0.0	0.0	0.0	0.0	0.0	
0.000897  1400.0  1600.0  0.00022	0.00026	0.0003	0.00052	0.00062	0.00066	0.00104	0.00086	0.00102	0.00168	0.00148	0.00202	0.0024	0.00268	0.00334	0.0036	0.00466	0.00508	0.00688	0.0074	0.00822	0.01028	0.01108	0.0136	0.01442	0.01668	0.02072	0.02266	0.02652	0.03056	0.03422	0.0406	0.0453	0.05512	0.07252	0.10782	0.08708	0.02308	0.0005	8e-05	0.0001	0.0	2e-05	4e-05	2e-05	0.0	0.0	0.0	0.0	0.0	0.0	0.0	0.0	0.0	0.0	0.0	0.0	0.0	0.0	0.0	0.0	0.0	0.0	0.0	0.0	
0.000521  1600.0  1800.0  6e-05	0.0001	0.00026	0.00032	0.00048	0.00046	0.00046	0.00084	0.00068	0.00118	0.00114	0.0016	0.00176	0.00238	0.00264	0.00316	0.00304	0.004	0.00462	0.00582	0.00644	0.00712	0.0081	0.01082	0.01148	0.01324	0.0146	0.0171	0.02004	0.02304	0.02672	0.02886	0.03496	0.04062	0.04668	0.05656	0.07174	0.11174	0.0846	0.0126	0.00044	0.00014	4e-05	2e-05	0.0	4e-05	0.0	0.0	0.0	0.0	0.0	0.0	0.0	0.0	0.0	0.0	0.0	0.0	0.0	0.0	0.0	0.0	0.0	0.0	0.0	
0.000312  1800.0  2000.0  8e-05	0.00012	0.00026	0.00026	0.00038	0.00048	0.00042	0.00064	0.0008	0.00108	0.00098	0.00118	0.0012	0.0016	0.00198	0.00246	0.00274	0.00272	0.00358	0.00404	0.00474	0.00548	0.0068	0.0075	0.00902	0.0093	0.01212	0.01306	0.0161	0.01838	0.0213	0.02422	0.02926	0.03116	0.03712	0.04124	0.04842	0.0613	0.08016	0.11904	0.05966	0.00122	0.0001	8e-05	6e-05	0.0	2e-05	0.0	0.0	0.0	0.0	0.0	0.0	0.0	0.0	0.0	0.0	0.0	0.0	0.0	0.0	0.0	0.0	0.0	0.0	
0.000225  2000.0  2250.0  0.0001	0.00012	6e-05	0.00012	0.00012	0.00024	0.0004	0.0004	0.00036	0.00068	0.00064	0.0008	0.00086	0.00126	0.00142	0.00162	0.00206	0.00208	0.00284	0.00316	0.00372	0.00422	0.00464	0.00612	0.00696	0.00846	0.00864	0.01118	0.01212	0.01426	0.01666	0.018	0.0222	0.02556	0.02914	0.03406	0.03932	0.04528	0.0536	0.06466	0.09746	0.10522	0.03016	0.00044	6e-05	2e-05	0.0	2e-05	0.0	0.0	0.0	0.0	0.0	0.0	0.0	0.0	0.0	0.0	0.0	0.0	0.0	0.0	0.0	0.0	0.0	
0.000125  2250.0  2500.0  0.00012	4e-05	8e-05	0.0001	0.00012	0.00012	0.0002	0.0003	0.00038	0.00046	0.0006	0.0006	0.00086	0.00082	0.00112	0.00104	0.00146	0.00156	0.0025	0.00214	0.00298	0.00318	0.00318	0.00462	0.00534	0.00632	0.00694	0.00766	0.00994	0.01062	0.0135	0.01492	0.01844	0.02072	0.0228	0.02714	0.03206	0.03486	0.04026	0.04788	0.05626	0.07062	0.11256	0.08348	0.00892	0.00012	2e-05	6e-05	0.0	0.0	0.0	0.0	0.0	0.0	0.0	0.0	0.0	0.0	0.0	0.0	0.0	0.0	0.0	0.0	0.0	
7e-05  2500.0  2750.0  2e-05	8e-05	4e-05	0.0001	6e-05	0.0002	0.00012	0.00014	0.00018	0.00034	0.00028	0.00046	0.00062	0.0006	0.00078	0.00104	0.00114	0.0014	0.0019	0.00182	0.00234	0.0025	0.00354	0.0034	0.00404	0.00512	0.00616	0.00666	0.00778	0.00908	0.01046	0.01234	0.01446	0.01556	0.0182	0.02222	0.02648	0.02796	0.03268	0.037	0.04506	0.05018	0.06182	0.08538	0.11732	0.03678	0.00036	6e-05	2e-05	0.0	0.0	0.0	0.0	0.0	0.0	0.0	0.0	0.0	0.0	0.0	0.0	0.0	0.0	0.0	0.0	
4e-05  2750.0  3000.0  2e-05	0.0	2e-05	2e-05	2e-05	4e-05	4e-05	6e-05	0.00016	0.00016	0.00024	0.00016	0.00056	0.00048	0.00068	0.00064	0.00076	0.001	0.00124	0.00146	0.00168	0.00202	0.0025	0.00276	0.00338	0.004	0.0043	0.0052	0.0066	0.00656	0.00808	0.00956	0.01082	0.01326	0.01542	0.01802	0.0211	0.02414	0.02632	0.03132	0.0376	0.04368	0.05024	0.05932	0.07202	0.11178	0.07272	0.00098	2e-05	0.0	0.0	0.0	0.0	2e-05	0.0	0.0	0.0	0.0	0.0	0.0	0.0	0.0	0.0	0.0	0.0	
3.7e-05  3000.0  3500.0  2e-05	0.0	0.0	6e-05	8e-05	4e-05	2e-05	0.00012	8e-05	6e-05	0.00024	0.00028	0.00022	0.00018	0.00026	0.00052	0.0007	0.0007	0.00084	0.00108	0.00126	0.0016	0.00206	0.00264	0.00292	0.00366	0.00392	0.00402	0.00416	0.00562	0.00648	0.00794	0.00876	0.01076	0.01154	0.01466	0.01648	0.01924	0.02284	0.02554	0.02882	0.03396	0.0403	0.04386	0.05192	0.05994	0.08494	0.095	0.04762	0.00468	6e-05	2e-05	0.0	0.0	0.0	0.0	0.0	0.0	0.0	0.0	0.0	0.0	0.0	0.0	0.0	
1.3e-05  3500.0  4000.0  2e-05	2e-05	2e-05	4e-05	0.0	2e-05	6e-05	4e-05	0.0	0.0	4e-05	6e-05	6e-05	0.00022	0.00016	0.00028	0.0004	0.00048	0.00058	0.00076	0.00112	0.0011	0.00144	0.0017	0.00198	0.00276	0.00304	0.00346	0.00382	0.00372	0.0049	0.00512	0.0073	0.00746	0.00838	0.00922	0.01244	0.01496	0.01626	0.01814	0.0222	0.02698	0.0279	0.0335	0.03888	0.04356	0.051	0.05942	0.07468	0.1047	0.05322	0.00454	6e-05	0.0	0.0	0.0	0.0	0.0	0.0	0.0	0.0	0.0	0.0	0.0	0.0	
7e-06  4000.0  15000.0  0.0	0.0	0.0	0.0	0.0	0.0	2e-05	2e-05	4e-05	0.0	2e-05	4e-05	2e-05	6e-05	4e-05	8e-05	4e-05	0.00016	0.00018	0.00024	0.00058	0.00068	0.00078	0.00092	0.0013	0.00154	0.00208	0.00196	0.00278	0.00304	0.0041	0.00396	0.00476	0.00548	0.0072	0.00722	0.00812	0.0093	0.0107	0.01308	0.01446	0.0169	0.01984	0.02426	0.02906	0.03132	0.03602	0.04096	0.04524	0.0543	0.0643	0.08478	0.05302	0.02774	0.0141	0.0075	0.00276	0.00098	0.00044	6e-05	6e-05	2e-05	0.0	0.0	0.0	
