#===============
# Experiment : ATLAS
# Search : 1906_05609
# ll~ : eve
# qq~ : cd~
# FF  : vector
# XY  :  LL RR
# coef : 0 0
# type : W*S1 W*S3 W*U1 W*U3
# Nevs : 50000
#===============
#
# XSEC	BIN_MIN	BIN_MAX 	 Kij 
# 130.0 138.982 148.585 158.852 169.828 181.562 194.107 207.519 221.857 237.186 253.575 271.095 289.827 309.852 331.261 354.15 378.62 404.781 432.749 462.65 494.616 528.792 565.329 604.39 646.15 690.796 738.526 789.555 844.109 902.433 964.786 1031.45 1102.72 1178.91 1260.36 1347.45 1440.55 1540.09 1646.5 1760.26 1881.89 2011.92 2150.93 2299.55 2458.43 2628.3 2809.9 3004.05 3211.62 3433.52 3670.76 3924.39 4195.55 4485.44 4795.36 5126.69 5480.92 5859.63 6264.5 6697.34 7160.09 7654.82 8183.73 8749.18 9353.71 10000.0 
-5.89047  100.0  200.0  0.00022	0.00024	0.00068	0.00168	0.00496	0.01648	0.05042	0.08296	0.0859	0.07462	0.06762	0.06358	0.05324	0.04816	0.04068	0.03448	0.02322	0.00464	0.00092	0.0003	0.00016	0.00014	4e-05	2e-05	0.0	2e-05	0.0	0.0	0.0	0.0	0.0	0.0	0.0	0.0	0.0	0.0	0.0	0.0	0.0	0.0	0.0	0.0	0.0	0.0	0.0	0.0	0.0	0.0	0.0	0.0	0.0	0.0	0.0	0.0	0.0	0.0	0.0	0.0	0.0	0.0	0.0	0.0	0.0	0.0	0.0	
-0.992286  200.0  300.0  0.0	4e-05	4e-05	4e-05	8e-05	0.00012	0.00012	8e-05	0.00024	0.00032	0.00056	0.00082	0.00126	0.00212	0.00364	0.00896	0.05084	0.13038	0.13544	0.11512	0.09942	0.08414	0.056	0.00992	0.00176	0.00044	0.00018	0.00012	4e-05	0.0	2e-05	0.0	0.0	0.0	2e-05	0.0	0.0	0.0	0.0	0.0	0.0	0.0	0.0	0.0	0.0	0.0	0.0	0.0	0.0	0.0	0.0	0.0	0.0	0.0	0.0	0.0	0.0	0.0	0.0	0.0	0.0	0.0	0.0	0.0	0.0	
-0.279114  300.0  400.0  0.0	0.0	0.0	0.0	0.0	0.0	0.0001	2e-05	4e-05	2e-05	2e-05	0.00012	0.00014	0.00012	0.00026	0.00034	0.00032	0.00062	0.00112	0.00152	0.00312	0.00746	0.05594	0.18088	0.1712	0.14192	0.11046	0.02936	0.00284	0.0009	0.0003	8e-05	2e-05	2e-05	0.0	2e-05	0.0	0.0	0.0	0.0	0.0	0.0	0.0	0.0	0.0	0.0	0.0	0.0	0.0	0.0	0.0	0.0	0.0	0.0	0.0	0.0	0.0	0.0	0.0	0.0	0.0	0.0	0.0	0.0	0.0	
-0.098262  400.0  500.0  0.0	0.0	2e-05	0.0	2e-05	2e-05	2e-05	2e-05	2e-05	2e-05	4e-05	0.0	0.0	2e-05	4e-05	8e-05	0.00012	0.00012	0.00014	0.00024	0.0005	0.0004	0.00076	0.0011	0.00236	0.00454	0.02652	0.1982	0.2133	0.17236	0.07878	0.0054	0.00096	0.00034	6e-05	2e-05	2e-05	0.0	0.0	0.0	0.0	0.0	0.0	0.0	0.0	0.0	0.0	0.0	0.0	0.0	0.0	0.0	0.0	0.0	0.0	0.0	0.0	0.0	0.0	0.0	0.0	0.0	0.0	0.0	0.0	
-0.039396  500.0  600.0  0.0	0.0	0.0	0.0	4e-05	0.0	2e-05	0.0	2e-05	0.0	0.0	0.0	2e-05	0.0	6e-05	6e-05	2e-05	4e-05	2e-05	0.00012	0.00012	0.00014	0.00026	0.00026	0.00036	0.0003	0.00074	0.00178	0.0035	0.01252	0.15442	0.26882	0.20182	0.05552	0.00324	0.00066	0.00018	6e-05	4e-05	2e-05	0.0	0.0	0.0	0.0	0.0	0.0	0.0	0.0	0.0	0.0	0.0	0.0	0.0	0.0	0.0	0.0	0.0	0.0	0.0	0.0	0.0	0.0	0.0	0.0	0.0	
-0.017175  600.0  700.0  0.0	0.0	0.0	0.0	0.0	2e-05	0.0	0.0	2e-05	0.0	2e-05	0.0	0.0	6e-05	2e-05	2e-05	4e-05	6e-05	0.00016	4e-05	6e-05	2e-05	0.00024	0.0001	0.00018	0.00026	0.0002	0.00034	0.00048	0.0009	0.0017	0.00388	0.02104	0.25532	0.27966	0.13084	0.00564	0.00098	0.00024	4e-05	4e-05	2e-05	0.0	0.0	0.0	0.0	0.0	0.0	0.0	0.0	0.0	0.0	0.0	0.0	0.0	0.0	0.0	0.0	0.0	0.0	0.0	0.0	0.0	0.0	0.0	
-0.00795  700.0  800.0  0.0	0.0	2e-05	0.0	2e-05	0.0	2e-05	0.0	0.0	0.0	0.0	0.0	0.0	2e-05	2e-05	0.0	0.0	2e-05	8e-05	2e-05	8e-05	4e-05	8e-05	8e-05	0.00016	8e-05	0.00012	8e-05	0.00022	0.00024	0.00032	0.00074	0.00134	0.00274	0.01114	0.19092	0.33588	0.1534	0.00542	0.00086	0.00016	4e-05	4e-05	0.0	0.0	0.0	0.0	0.0	0.0	0.0	0.0	0.0	0.0	0.0	0.0	0.0	0.0	0.0	0.0	0.0	0.0	0.0	0.0	0.0	0.0	
-0.00384  800.0  900.0  0.0	0.0	0.0	0.0	0.0	0.0	0.0	0.0	0.0	0.0	0.0	0.0	0.0	0.0	0.0	0.0	0.0	2e-05	8e-05	2e-05	4e-05	4e-05	8e-05	0.0001	4e-05	0.00014	0.00012	8e-05	0.00016	0.00018	0.0002	0.00034	0.00044	0.00054	0.00082	0.00258	0.00968	0.2151	0.36838	0.10614	0.00294	0.0005	0.00014	2e-05	0.0	0.0	0.0	0.0	0.0	0.0	0.0	0.0	0.0	0.0	0.0	0.0	0.0	0.0	0.0	0.0	0.0	0.0	0.0	0.0	0.0	
-0.001913  900.0  1000.0  0.0	0.0	0.0	0.0	0.0	0.0	0.0	0.0	0.0	0.0	0.0	2e-05	0.0	0.0	0.0	0.0	0.0	0.0	0.0	4e-05	2e-05	8e-05	4e-05	4e-05	4e-05	4e-05	6e-05	0.0	2e-05	0.00014	8e-05	0.00014	0.0002	0.0002	0.00034	0.00078	0.0011	0.00312	0.01566	0.33796	0.33102	0.0167	0.00116	0.00012	2e-05	0.0	2e-05	0.0	0.0	0.0	0.0	0.0	0.0	0.0	0.0	0.0	0.0	0.0	0.0	0.0	0.0	0.0	0.0	0.0	0.0	
-0.001482  1000.0  1200.0  0.0	0.0	0.0	0.0	0.0	0.0	0.0	0.0	0.0	0.0	0.0	0.0	0.0	0.0	2e-05	0.0	0.0	0.0	0.0	0.0	2e-05	2e-05	2e-05	0.0	8e-05	2e-05	8e-05	0.00016	0.00016	0.0001	8e-05	0.0001	0.0001	0.00022	0.00028	0.0002	0.00032	0.00068	0.00098	0.00276	0.0601	0.31716	0.22598	0.1031	0.00206	0.0002	6e-05	0.0	0.0	0.0	0.0	0.0	0.0	0.0	0.0	0.0	0.0	0.0	0.0	0.0	0.0	0.0	0.0	0.0	0.0	
-0.000406  1200.0  1400.0  0.0	0.0	0.0	0.0	0.0	0.0	0.0	0.0	0.0	0.0	0.0	0.0	0.0	2e-05	0.0	0.0	0.0	2e-05	2e-05	0.0	0.0	2e-05	2e-05	6e-05	0.0	2e-05	2e-05	4e-05	2e-05	2e-05	8e-05	8e-05	0.00012	6e-05	6e-05	0.00012	0.00022	6e-05	0.00022	0.0004	0.00064	0.0012	0.0046	0.1741	0.3318	0.19356	0.00732	0.00034	0.0001	2e-05	0.0	0.0	0.0	0.0	0.0	0.0	0.0	0.0	0.0	0.0	0.0	0.0	0.0	0.0	0.0	
-0.000114  1400.0  1600.0  0.0	2e-05	0.0	0.0	0.0	0.0	0.0	0.0	0.0	0.0	0.0	0.0	0.0	2e-05	0.0	0.0	0.0	0.0	0.0	0.0	0.0	2e-05	0.0	4e-05	4e-05	0.0	6e-05	6e-05	6e-05	4e-05	8e-05	0.0	6e-05	0.0001	6e-05	4e-05	8e-05	4e-05	0.00016	0.0001	0.00014	0.00022	0.00026	0.00074	0.0026	0.05954	0.40938	0.23558	0.00708	0.00016	6e-05	0.0	0.0	0.0	0.0	0.0	0.0	0.0	0.0	0.0	0.0	0.0	0.0	0.0	0.0	
-3.2e-05  1600.0  1800.0  0.0	0.0	0.0	0.0	0.0	0.0	0.0	0.0	0.0	2e-05	0.0	0.0	0.0	0.0	2e-05	0.0	0.0	0.0	0.0	0.0	0.0	0.0	0.0	0.0	0.0	2e-05	4e-05	0.0	2e-05	2e-05	4e-05	0.0	6e-05	4e-05	4e-05	0.0001	6e-05	0.0001	0.0002	0.00014	0.00018	0.00016	0.0002	0.00024	0.00038	0.00036	0.00202	0.06466	0.45376	0.19734	0.0018	2e-05	2e-05	2e-05	0.0	0.0	0.0	0.0	0.0	0.0	0.0	0.0	0.0	0.0	0.0	
-9e-06  1800.0  2000.0  0.0	0.0	0.0	2e-05	0.0	0.0	0.0	0.0	2e-05	0.0	0.0	0.0	0.0	0.0	0.0	0.0	0.0	0.0	0.0	0.0	2e-05	0.0	0.0	2e-05	2e-05	2e-05	4e-05	2e-05	4e-05	4e-05	4e-05	6e-05	2e-05	2e-05	2e-05	4e-05	2e-05	4e-05	6e-05	8e-05	6e-05	6e-05	0.0001	0.00016	0.00028	0.00026	0.00036	0.0007	0.00288	0.20678	0.4303	0.07962	0.00026	2e-05	0.0	0.0	0.0	0.0	0.0	0.0	0.0	0.0	0.0	0.0	0.0	
-2e-06  2000.0  2250.0  0.0	0.0	0.0	0.0	0.0	0.0	0.0	0.0	0.0	0.0	0.0	2e-05	0.0	0.0	0.0	0.0	0.0	0.0	0.0	0.0	0.0	0.0	2e-05	0.0	0.0	0.0	4e-05	2e-05	2e-05	0.0	4e-05	2e-05	0.0	4e-05	2e-05	4e-05	8e-05	6e-05	8e-05	0.0	6e-05	4e-05	8e-05	0.00012	6e-05	0.00014	0.00018	0.00028	0.00042	0.00094	0.00946	0.4034	0.29598	0.01378	2e-05	0.0	0.0	0.0	0.0	0.0	0.0	0.0	0.0	0.0	0.0	
-0.0  2250.0  2500.0  0.0	0.0	0.0	0.0	0.0	0.0	0.0	0.0	0.0	0.0	0.0	0.0	0.0	0.0	0.0	0.0	0.0	0.0	0.0	0.0	0.0	0.0	0.0	0.0	2e-05	0.0	0.0	2e-05	0.0	2e-05	0.0	4e-05	8e-05	2e-05	0.0	2e-05	4e-05	4e-05	2e-05	2e-05	8e-05	4e-05	4e-05	2e-05	0.0001	6e-05	0.00012	0.00014	0.00016	0.0002	0.0004	0.00116	0.02744	0.51164	0.18094	0.00062	0.0	0.0	0.0	0.0	0.0	0.0	0.0	0.0	0.0	
0.0  2500.0  2750.0  0.0	0.0	0.0	0.0	0.0	0.0	0.0	0.0	0.0	0.0	0.0	0.0	0.0	0.0	0.0	0.0	0.0	0.0	0.0	0.0	0.0	0.0	0.0	0.0	2e-05	0.0	2e-05	0.0	4e-05	2e-05	2e-05	0.0	2e-05	2e-05	4e-05	0.0	6e-05	0.0	0.0	0.0	6e-05	4e-05	0.00012	4e-05	0.0001	8e-05	8e-05	0.0001	6e-05	0.00026	0.00018	0.00028	0.00054	0.00208	0.285	0.41666	0.01854	4e-05	0.0	0.0	0.0	0.0	0.0	0.0	0.0	
0.0  2750.0  3000.0  0.0	0.0	0.0	0.0	0.0	0.0	0.0	0.0	0.0	0.0	0.0	0.0	0.0	0.0	2e-05	0.0	0.0	2e-05	0.0	0.0	0.0	0.0	0.0	0.0	0.0	0.0	4e-05	0.0	0.0	4e-05	4e-05	4e-05	2e-05	0.0	0.0	4e-05	6e-05	0.0	0.0	6e-05	2e-05	2e-05	0.0	4e-05	0.00014	6e-05	4e-05	2e-05	6e-05	0.00012	0.00014	0.00014	0.0002	0.00038	0.00098	0.02678	0.57362	0.12146	0.00014	0.0	0.0	0.0	0.0	0.0	0.0	
0.0  3000.0  3500.0  0.0	0.0	0.0	0.0	0.0	0.0	0.0	0.0	0.0	0.0	0.0	0.0	0.0	2e-05	0.0	0.0	0.0	0.0	0.0	0.0	0.0	0.0	0.0	0.0	0.0	2e-05	0.0	0.0	2e-05	0.0	0.0	2e-05	0.0	2e-05	0.0	2e-05	6e-05	0.0	0.0	0.00012	2e-05	0.0	6e-05	4e-05	6e-05	2e-05	4e-05	8e-05	0.0	4e-05	6e-05	0.0002	0.00018	0.00024	0.00028	0.00034	0.00482	0.36538	0.27362	0.07884	0.0	0.0	0.0	0.0	0.0	
0.0  3500.0  4000.0  0.0	0.0	0.0	0.0	0.0	2e-05	0.0	0.0	0.0	0.0	0.0	0.0	0.0	0.0	0.0	0.0	0.0	0.0	0.0	0.0	0.0	0.0	0.0	0.0	2e-05	0.0	0.0	0.0	0.0	0.0	2e-05	0.0	0.0	0.0	2e-05	4e-05	2e-05	0.0	2e-05	2e-05	0.0	2e-05	4e-05	2e-05	8e-05	4e-05	0.0	2e-05	6e-05	2e-05	6e-05	6e-05	4e-05	8e-05	0.00012	0.0002	0.00026	0.0005	0.00142	0.26002	0.37168	0.0882	4e-05	2e-05	0.0	
-0.0  4000.0  15000.0  0.0	0.0	0.0	0.0	0.0	0.0	0.0	0.0	0.0	0.0	0.0	0.0	0.0	0.0	0.0	0.0	0.0	0.0	0.0	0.0	0.0	0.0	0.0	0.0	0.0	0.0	0.0	0.0	2e-05	0.0	0.0	0.0	0.0	0.0	2e-05	0.0	2e-05	0.0	0.0	4e-05	4e-05	2e-05	0.0	4e-05	0.0	0.0	4e-05	0.0	6e-05	2e-05	2e-05	6e-05	4e-05	8e-05	2e-05	0.0001	0.00018	0.00014	0.00018	0.00022	0.00104	0.28678	0.3445	0.07498	0.01364	
