#===============
# Experiment : ATLAS
# Search : 1906_05609
# ll~ : eve
# qq~ : sc~
# FF  : vector
# XY  :  LL RR
# coef : 0 0
# type : U3*U3 U1*U1
# Nevs : 50000
#===============
#
# XSEC	BIN_MIN	BIN_MAX 	 Kij 
# 130.0 138.982 148.585 158.852 169.828 181.562 194.107 207.519 221.857 237.186 253.575 271.095 289.827 309.852 331.261 354.15 378.62 404.781 432.749 462.65 494.616 528.792 565.329 604.39 646.15 690.796 738.526 789.555 844.109 902.433 964.786 1031.45 1102.72 1178.91 1260.36 1347.45 1440.55 1540.09 1646.5 1760.26 1881.89 2011.92 2150.93 2299.55 2458.43 2628.3 2809.9 3004.05 3211.62 3433.52 3670.76 3924.39 4195.55 4485.44 4795.36 5126.69 5480.92 5859.63 6264.5 6697.34 7160.09 7654.82 8183.73 8749.18 9353.71 10000.0 
20.362  200.0  300.0  0.00554	0.01192	0.01886	0.02516	0.03502	0.044	0.05796	0.06068	0.05914	0.0559	0.04488	0.0316	0.01062	0.00148	0.00028	0.0001	8e-05	6e-05	2e-05	2e-05	0.0	0.0	0.0	0.0	0.0	0.0	0.0	0.0	0.0	0.0	0.0	0.0	0.0	0.0	0.0	0.0	0.0	0.0	0.0	0.0	0.0	0.0	0.0	0.0	0.0	0.0	0.0	0.0	0.0	0.0	0.0	0.0	0.0	0.0	0.0	0.0	0.0	0.0	0.0	0.0	0.0	0.0	0.0	0.0	0.0	
14.7448  300.0  400.0  0.00204	0.00534	0.00832	0.0109	0.0136	0.01716	0.02076	0.02514	0.02992	0.03606	0.04452	0.05678	0.07488	0.0784	0.06542	0.04878	0.02198	0.00254	0.00038	0.00014	0.0001	0.0	2e-05	0.0	0.0	0.0	0.0	0.0	0.0	0.0	0.0	0.0	0.0	0.0	0.0	0.0	0.0	0.0	0.0	0.0	0.0	0.0	0.0	0.0	0.0	0.0	0.0	0.0	0.0	0.0	0.0	0.0	0.0	0.0	0.0	0.0	0.0	0.0	0.0	0.0	0.0	0.0	0.0	0.0	0.0	
10.7592  400.0  500.0  0.0016	0.00282	0.00424	0.00588	0.00738	0.0094	0.01186	0.01344	0.01624	0.01896	0.02292	0.02738	0.0317	0.03678	0.04632	0.05528	0.07742	0.0895	0.06738	0.04048	0.0061	0.00048	8e-05	0.00012	6e-05	6e-05	2e-05	0.0	0.0	0.0	0.0	0.0	0.0	0.0	0.0	0.0	0.0	0.0	0.0	0.0	0.0	0.0	0.0	0.0	0.0	0.0	0.0	0.0	0.0	0.0	0.0	0.0	0.0	0.0	0.0	0.0	0.0	0.0	0.0	0.0	0.0	0.0	0.0	0.0	0.0	
7.9094  500.0  600.0  0.00088	0.00216	0.00296	0.00364	0.00474	0.00532	0.0067	0.00896	0.01078	0.01174	0.01544	0.01584	0.02124	0.02246	0.02774	0.03348	0.03802	0.04466	0.05634	0.07222	0.09408	0.07302	0.03356	0.00224	0.00034	0.00016	4e-05	4e-05	4e-05	0.0	0.0	0.0	0.0	0.0	0.0	0.0	0.0	0.0	0.0	0.0	0.0	0.0	0.0	0.0	0.0	0.0	0.0	0.0	0.0	0.0	0.0	0.0	0.0	0.0	0.0	0.0	0.0	0.0	0.0	0.0	0.0	0.0	0.0	0.0	0.0	
5.8648  600.0  700.0  0.00074	0.00102	0.00182	0.0022	0.00334	0.00416	0.00504	0.00562	0.00774	0.00876	0.01056	0.01212	0.0139	0.01754	0.0196	0.0223	0.02488	0.03062	0.03502	0.04054	0.04876	0.05902	0.08446	0.0949	0.05402	0.00732	0.00042	0.00014	6e-05	4e-05	0.0	0.0	0.0	0.0	2e-05	0.0	0.0	0.0	0.0	0.0	0.0	0.0	0.0	0.0	0.0	0.0	0.0	0.0	0.0	0.0	0.0	0.0	0.0	0.0	0.0	0.0	0.0	0.0	0.0	0.0	0.0	0.0	0.0	0.0	0.0	
4.3724  700.0  800.0  0.00058	0.00074	0.00148	0.00168	0.00228	0.00278	0.0039	0.0048	0.00518	0.0063	0.00748	0.00898	0.0101	0.01292	0.0144	0.01646	0.01954	0.02332	0.02556	0.03084	0.03448	0.0403	0.0463	0.05488	0.07414	0.10016	0.06116	0.00694	0.00042	6e-05	4e-05	2e-05	0.0	0.0	2e-05	2e-05	0.0	0.0	0.0	0.0	0.0	0.0	0.0	0.0	0.0	0.0	0.0	0.0	0.0	0.0	0.0	0.0	0.0	0.0	0.0	0.0	0.0	0.0	0.0	0.0	0.0	0.0	0.0	0.0	0.0	
3.2806  800.0  900.0  0.00048	0.00058	0.00118	0.00116	0.00194	0.00218	0.00254	0.00352	0.0034	0.00484	0.00548	0.00716	0.00792	0.00928	0.0115	0.0127	0.01436	0.0161	0.02004	0.02306	0.0275	0.03112	0.03668	0.04082	0.04856	0.06072	0.07388	0.09684	0.04598	0.00226	0.00016	0.00016	2e-05	2e-05	2e-05	2e-05	0.0	0.0	0.0	0.0	0.0	0.0	0.0	0.0	0.0	0.0	0.0	0.0	0.0	0.0	0.0	0.0	0.0	0.0	0.0	0.0	0.0	0.0	0.0	0.0	0.0	0.0	0.0	0.0	0.0	
2.4724  900.0  1000.0  0.00034	0.00036	0.0007	0.00114	0.00136	0.00174	0.00188	0.0032	0.00346	0.00362	0.0044	0.00502	0.00574	0.0068	0.00944	0.01056	0.01234	0.0151	0.01642	0.01838	0.02384	0.02462	0.029	0.0347	0.03746	0.0438	0.04946	0.05958	0.07948	0.08634	0.02244	0.00076	0.00018	6e-05	0.0	0.0	0.0	0.0	0.0	0.0	0.0	0.0	0.0	0.0	0.0	0.0	0.0	0.0	0.0	0.0	0.0	0.0	0.0	0.0	0.0	0.0	0.0	0.0	0.0	0.0	0.0	0.0	0.0	0.0	0.0	
3.3016  1000.0  1200.0  0.00018	0.0004	0.00034	0.00046	0.00094	0.0012	0.00126	0.00168	0.0021	0.00288	0.0035	0.00396	0.00532	0.00534	0.00682	0.0079	0.00942	0.01066	0.01314	0.01394	0.0164	0.01854	0.0223	0.02538	0.02936	0.03416	0.03578	0.04224	0.05086	0.0565	0.07642	0.06226	0.03434	0.00378	0.0002	4e-05	0.0	0.0	0.0	2e-05	0.0	0.0	0.0	0.0	0.0	0.0	0.0	0.0	0.0	0.0	0.0	0.0	0.0	0.0	0.0	0.0	0.0	0.0	0.0	0.0	0.0	0.0	0.0	0.0	0.0	
1.93122  1200.0  1400.0  0.00028	0.00018	0.00036	0.00034	0.00086	0.00122	0.001	0.00092	0.00164	0.00198	0.0026	0.00284	0.0032	0.0038	0.00486	0.00562	0.007	0.00874	0.00898	0.01016	0.01292	0.0161	0.01638	0.01858	0.02254	0.026	0.02828	0.03174	0.0348	0.03958	0.0441	0.04922	0.0608	0.06924	0.04538	0.01142	0.00032	6e-05	4e-05	2e-05	0.0	0.0	0.0	0.0	0.0	0.0	0.0	0.0	0.0	0.0	0.0	0.0	0.0	0.0	0.0	0.0	0.0	0.0	0.0	0.0	0.0	0.0	0.0	0.0	0.0	
1.14964  1400.0  1600.0  0.00014	0.00032	0.00022	0.0003	0.00044	0.00072	0.0008	0.00098	0.00104	0.00132	0.00168	0.00218	0.00266	0.00304	0.00354	0.0036	0.005	0.00576	0.0076	0.00822	0.0102	0.01172	0.01346	0.01442	0.01768	0.02058	0.02258	0.0248	0.02852	0.03064	0.03402	0.03658	0.04336	0.04672	0.05282	0.06568	0.04614	0.01124	0.00012	4e-05	0.0	0.0	0.0	0.0	0.0	0.0	0.0	0.0	0.0	0.0	0.0	0.0	0.0	0.0	0.0	0.0	0.0	0.0	0.0	0.0	0.0	0.0	0.0	0.0	0.0	
0.6959  1600.0  1800.0  8e-05	0.0002	0.00012	0.00022	0.0003	0.00046	0.00064	0.00054	0.00098	0.00112	0.00128	0.00172	0.00182	0.00226	0.00298	0.0041	0.00422	0.00516	0.00602	0.00664	0.00814	0.00956	0.01188	0.01356	0.01452	0.01724	0.01838	0.02162	0.02342	0.02676	0.02814	0.03214	0.03402	0.03782	0.04112	0.0426	0.04678	0.05894	0.03812	0.00416	6e-05	2e-05	0.0	0.0	0.0	0.0	0.0	0.0	0.0	0.0	0.0	0.0	0.0	0.0	0.0	0.0	0.0	0.0	0.0	0.0	0.0	0.0	0.0	0.0	0.0	
0.4273  1800.0  2000.0  8e-05	2e-05	0.0001	0.00012	0.0003	0.00036	0.00044	0.00058	0.00066	0.00074	0.00106	0.00118	0.00164	0.00198	0.00284	0.0028	0.00356	0.0042	0.0057	0.00588	0.00728	0.00796	0.00982	0.0111	0.01218	0.01376	0.0169	0.0188	0.02058	0.02262	0.02508	0.02796	0.02886	0.03402	0.0348	0.03622	0.0393	0.04326	0.04386	0.05254	0.02082	0.0002	6e-05	0.0	0.0	0.0	0.0	0.0	0.0	0.0	0.0	0.0	0.0	0.0	0.0	0.0	0.0	0.0	0.0	0.0	0.0	0.0	0.0	0.0	0.0	
0.31576  2000.0  2250.0  2e-05	8e-05	8e-05	0.0001	0.00018	0.00032	0.0004	0.00068	0.00052	0.00062	0.0007	0.00084	0.00106	0.00152	0.00196	0.00228	0.00274	0.00336	0.00368	0.00474	0.00574	0.00704	0.00846	0.0095	0.01046	0.0122	0.01478	0.0161	0.018	0.0193	0.02212	0.0245	0.0269	0.03106	0.03208	0.03524	0.0362	0.03674	0.03644	0.0399	0.04232	0.03892	0.00934	2e-05	0.0	0.0	2e-05	0.0	0.0	0.0	0.0	0.0	0.0	0.0	0.0	0.0	0.0	0.0	0.0	0.0	0.0	0.0	0.0	0.0	0.0	
0.177936  2250.0  2500.0  2e-05	8e-05	8e-05	6e-05	0.00014	0.0001	0.00026	0.00024	0.00026	0.00052	0.00048	0.0008	0.00082	0.001	0.0013	0.00154	0.00198	0.0027	0.00324	0.00376	0.00492	0.0058	0.00646	0.00796	0.00864	0.01026	0.0114	0.01432	0.01496	0.01762	0.01842	0.02208	0.0242	0.02618	0.02878	0.02888	0.03134	0.0332	0.0362	0.03278	0.03584	0.03388	0.04008	0.02474	0.002	0.0	2e-05	0.0	0.0	2e-05	0.0	0.0	0.0	0.0	0.0	0.0	0.0	0.0	0.0	0.0	0.0	0.0	0.0	0.0	0.0	
0.10211  2500.0  2750.0  0.0	6e-05	0.00014	4e-05	6e-05	8e-05	0.0002	0.00012	0.0003	0.00028	0.00048	0.0004	0.0007	0.00062	0.00096	0.00166	0.00176	0.00206	0.0022	0.00332	0.0039	0.00402	0.00528	0.00608	0.00794	0.00834	0.0106	0.01162	0.01372	0.015	0.01814	0.0189	0.02012	0.02394	0.02582	0.02734	0.02822	0.03054	0.03072	0.03106	0.0327	0.03214	0.03046	0.03228	0.03374	0.00898	4e-05	2e-05	0.0	0.0	0.0	0.0	0.0	0.0	0.0	0.0	0.0	0.0	0.0	0.0	0.0	0.0	0.0	0.0	0.0	
0.05953  2750.0  3000.0  6e-05	2e-05	2e-05	4e-05	4e-05	6e-05	4e-05	8e-05	0.00018	0.00012	0.00032	0.0005	0.00034	0.00058	0.00086	0.00128	0.00118	0.00202	0.00222	0.00288	0.00332	0.00398	0.00464	0.00598	0.00646	0.0083	0.0089	0.0106	0.01258	0.0137	0.01638	0.0166	0.01876	0.02088	0.02294	0.02586	0.02636	0.02854	0.02914	0.02892	0.03094	0.02948	0.03016	0.02732	0.0283	0.0295	0.01594	0.00014	2e-05	0.0	0.0	0.0	0.0	0.0	0.0	0.0	0.0	0.0	0.0	0.0	0.0	0.0	0.0	0.0	0.0	
0.056364  3000.0  3500.0  2e-05	2e-05	2e-05	2e-05	6e-05	0.00012	4e-05	6e-05	0.00012	6e-05	0.00022	0.00022	0.00032	0.00034	0.00062	0.00074	0.00064	0.00104	0.0013	0.00198	0.00252	0.00344	0.0035	0.00472	0.00454	0.00626	0.00854	0.00964	0.01046	0.01222	0.01452	0.01476	0.01858	0.0199	0.02124	0.02196	0.02372	0.02484	0.02636	0.02824	0.02736	0.0275	0.02686	0.02646	0.0252	0.02298	0.0245	0.02116	0.00832	0.00068	0.0	0.0	0.0	0.0	0.0	0.0	0.0	0.0	0.0	0.0	0.0	0.0	0.0	0.0	0.0	
0.020664  3500.0  4000.0  2e-05	0.0	0.0	0.0	2e-05	2e-05	2e-05	8e-05	8e-05	0.00014	0.0001	8e-05	0.00012	0.00016	0.00018	0.00036	0.00046	0.00056	0.00086	0.00124	0.00132	0.00158	0.00244	0.00324	0.00358	0.0053	0.00612	0.0071	0.00846	0.0101	0.01192	0.01324	0.01638	0.01634	0.01856	0.01942	0.02104	0.02372	0.02326	0.02516	0.025	0.02538	0.02516	0.02268	0.02338	0.02254	0.01956	0.02052	0.01966	0.0192	0.00808	0.00066	0.0	0.0	0.0	0.0	0.0	0.0	0.0	0.0	0.0	0.0	0.0	0.0	0.0	
0.01305  4000.0  15000.0  0.0	0.0	0.0	0.0	0.0	0.0	2e-05	2e-05	0.0	2e-05	0.0001	6e-05	4e-05	6e-05	2e-05	0.00012	0.00024	0.0001	0.0002	0.00038	0.00052	0.00076	0.00086	0.00132	0.0025	0.0026	0.004	0.00442	0.00536	0.0072	0.00794	0.01066	0.01236	0.01382	0.01546	0.01984	0.01934	0.02056	0.0221	0.02156	0.0227	0.02266	0.02258	0.02026	0.02104	0.01994	0.02078	0.01802	0.0161	0.01538	0.01464	0.015	0.00772	0.00418	0.00214	0.00118	0.0004	0.00016	0.00012	2e-05	0.0	0.0	0.0	0.0	0.0	
