#===============
# Experiment : ATLAS
# Search : 1906_05609
# ll~ : eve
# qq~ : cd~
# FF  : vector
# XY  :  LL RR
# coef : 0 0
# type : W*U3 W*U1
# Nevs : 50000
#===============
#
# XSEC	BIN_MIN	BIN_MAX 	 Kij 
# 130.0 138.982 148.585 158.852 169.828 181.562 194.107 207.519 221.857 237.186 253.575 271.095 289.827 309.852 331.261 354.15 378.62 404.781 432.749 462.65 494.616 528.792 565.329 604.39 646.15 690.796 738.526 789.555 844.109 902.433 964.786 1031.45 1102.72 1178.91 1260.36 1347.45 1440.55 1540.09 1646.5 1760.26 1881.89 2011.92 2150.93 2299.55 2458.43 2628.3 2809.9 3004.05 3211.62 3433.52 3670.76 3924.39 4195.55 4485.44 4795.36 5126.69 5480.92 5859.63 6264.5 6697.34 7160.09 7654.82 8183.73 8749.18 9353.71 10000.0 
-64.55064  200.0  300.0  0.00534	0.01328	0.02004	0.02584	0.03502	0.04724	0.0629	0.06554	0.05814	0.0462	0.035	0.0229	0.00704	0.00052	0.0001	4e-05	6e-05	0.0	0.0	0.0	0.0	0.0	0.0	0.0	0.0	0.0	0.0	0.0	0.0	0.0	0.0	0.0	0.0	0.0	0.0	0.0	0.0	0.0	0.0	0.0	0.0	0.0	0.0	0.0	0.0	0.0	0.0	0.0	0.0	0.0	0.0	0.0	0.0	0.0	0.0	0.0	0.0	0.0	0.0	0.0	0.0	0.0	0.0	0.0	0.0	
-22.88966  300.0  400.0  0.00234	0.00508	0.00808	0.01048	0.01334	0.01636	0.01912	0.02456	0.0304	0.03514	0.04448	0.06042	0.08254	0.0834	0.06092	0.04148	0.01772	0.00144	0.00014	0.0	8e-05	0.0	0.0	0.0	0.0	0.0	0.0	0.0	0.0	0.0	0.0	0.0	0.0	0.0	0.0	0.0	0.0	0.0	0.0	0.0	0.0	0.0	0.0	0.0	0.0	0.0	0.0	0.0	0.0	0.0	0.0	0.0	0.0	0.0	0.0	0.0	0.0	0.0	0.0	0.0	0.0	0.0	0.0	0.0	0.0	
-10.19336  400.0  500.0  0.00144	0.00266	0.00434	0.00584	0.007	0.0085	0.0106	0.0132	0.01592	0.01942	0.02266	0.0262	0.03318	0.03858	0.047	0.06068	0.083	0.09116	0.06648	0.03678	0.00466	0.00022	0.00014	4e-05	2e-05	0.0	0.0	0.0	0.0	0.0	0.0	0.0	0.0	0.0	0.0	0.0	0.0	0.0	0.0	0.0	0.0	0.0	0.0	0.0	0.0	0.0	0.0	0.0	0.0	0.0	0.0	0.0	0.0	0.0	0.0	0.0	0.0	0.0	0.0	0.0	0.0	0.0	0.0	0.0	0.0	
-5.131796  500.0  600.0  0.00074	0.00134	0.00246	0.00314	0.00428	0.00528	0.00664	0.00846	0.00958	0.011	0.01346	0.01588	0.01916	0.02354	0.02698	0.03362	0.03854	0.0475	0.057	0.0776	0.10262	0.07306	0.03126	0.00196	0.00018	4e-05	0.0	2e-05	0.0	0.0	2e-05	0.0	0.0	0.0	0.0	0.0	0.0	0.0	0.0	0.0	0.0	0.0	0.0	0.0	0.0	0.0	0.0	0.0	0.0	0.0	0.0	0.0	0.0	0.0	0.0	0.0	0.0	0.0	0.0	0.0	0.0	0.0	0.0	0.0	0.0	
-2.798116  600.0  700.0  0.0004	0.00124	0.00122	0.00218	0.0032	0.00388	0.00418	0.005	0.00666	0.0076	0.00926	0.01026	0.0132	0.01522	0.01904	0.0225	0.02618	0.03098	0.03464	0.04264	0.05008	0.06286	0.09278	0.10136	0.05592	0.00648	0.00022	2e-05	4e-05	4e-05	0.0	0.0	0.0	2e-05	2e-05	0.0	0.0	0.0	0.0	0.0	0.0	0.0	0.0	0.0	0.0	0.0	0.0	0.0	0.0	0.0	0.0	0.0	0.0	0.0	0.0	0.0	0.0	0.0	0.0	0.0	0.0	0.0	0.0	0.0	0.0	
-1.612176  700.0  800.0  0.00022	0.0008	0.00116	0.0017	0.00168	0.00258	0.00324	0.00418	0.0048	0.0056	0.00666	0.00844	0.01006	0.01174	0.01346	0.01622	0.01916	0.0229	0.02602	0.02918	0.03458	0.04098	0.04856	0.05992	0.08202	0.1086	0.06412	0.00728	0.00014	8e-05	6e-05	0.0	0.0	0.0	0.0	0.0	0.0	0.0	0.0	0.0	0.0	0.0	0.0	0.0	0.0	0.0	0.0	0.0	0.0	0.0	0.0	0.0	0.0	0.0	0.0	0.0	0.0	0.0	0.0	0.0	0.0	0.0	0.0	0.0	0.0	
-0.96765  800.0  900.0  0.00028	0.00034	0.0009	0.00108	0.00162	0.002	0.00204	0.00296	0.00398	0.00428	0.00512	0.0062	0.00762	0.0087	0.00982	0.01294	0.0145	0.01806	0.01848	0.02268	0.02764	0.02994	0.03502	0.04186	0.049	0.05842	0.08096	0.1115	0.05446	0.00218	0.00014	2e-05	0.0	0.0	0.0	0.0	0.0	0.0	0.0	0.0	0.0	0.0	0.0	0.0	0.0	0.0	0.0	0.0	0.0	0.0	0.0	0.0	0.0	0.0	0.0	0.0	0.0	0.0	0.0	0.0	0.0	0.0	0.0	0.0	0.0	
-0.599717  900.0  1000.0  0.00022	0.00034	0.00058	0.00086	0.0011	0.00134	0.00176	0.00226	0.00288	0.00298	0.00408	0.0048	0.00582	0.00754	0.00834	0.00928	0.01204	0.01376	0.01498	0.01788	0.02144	0.0245	0.02798	0.03308	0.03756	0.04242	0.051	0.06544	0.09282	0.10422	0.0249	0.00024	8e-05	2e-05	0.0	0.0	0.0	0.0	0.0	0.0	0.0	0.0	0.0	0.0	0.0	0.0	0.0	0.0	0.0	0.0	0.0	0.0	0.0	0.0	0.0	0.0	0.0	0.0	0.0	0.0	0.0	0.0	0.0	0.0	0.0	
-0.628607  1000.0  1200.0  0.00024	0.00032	0.00032	0.00072	0.00092	0.001	0.00136	0.00194	0.00172	0.00248	0.00338	0.00382	0.00376	0.00558	0.0058	0.00602	0.00832	0.01118	0.01192	0.01368	0.01642	0.0175	0.02118	0.0242	0.0278	0.03244	0.0373	0.04638	0.05256	0.06544	0.09374	0.07438	0.03874	0.00386	4e-05	4e-05	0.0	0.0	0.0	0.0	0.0	0.0	0.0	0.0	0.0	0.0	0.0	0.0	0.0	0.0	0.0	0.0	0.0	0.0	0.0	0.0	0.0	0.0	0.0	0.0	0.0	0.0	0.0	0.0	0.0	
-0.273228  1200.0  1400.0  4e-05	0.00022	0.00032	0.00036	0.00042	0.00074	0.00082	0.00142	0.00148	0.00182	0.00254	0.00212	0.00294	0.00362	0.00428	0.00496	0.00608	0.00688	0.0082	0.00978	0.01106	0.01306	0.01424	0.01808	0.02098	0.02396	0.02698	0.03172	0.03506	0.04142	0.0463	0.0561	0.069	0.09462	0.05832	0.01356	0.00014	2e-05	2e-05	0.0	0.0	0.0	0.0	0.0	0.0	0.0	0.0	0.0	0.0	0.0	0.0	0.0	0.0	0.0	0.0	0.0	0.0	0.0	0.0	0.0	0.0	0.0	0.0	0.0	0.0	
-0.125661  1400.0  1600.0  8e-05	4e-05	0.00022	0.00028	0.00022	0.00046	0.00066	0.00078	0.00096	0.00104	0.0012	0.00184	0.00248	0.0026	0.00278	0.00374	0.00442	0.00584	0.00626	0.0072	0.0092	0.0098	0.012	0.01384	0.0152	0.018	0.02058	0.02356	0.02766	0.02966	0.035	0.03896	0.04556	0.05288	0.06376	0.0902	0.06692	0.01344	0.00014	0.0	2e-05	0.0	0.0	0.0	0.0	0.0	0.0	0.0	0.0	0.0	0.0	0.0	0.0	0.0	0.0	0.0	0.0	0.0	0.0	0.0	0.0	0.0	0.0	0.0	0.0	
-0.060354  1600.0  1800.0  0.00012	0.00012	0.00014	0.00016	0.00012	0.0004	0.0004	0.00036	0.00082	0.0009	0.00108	0.0011	0.00188	0.00188	0.00236	0.00254	0.00398	0.00406	0.0054	0.00614	0.00664	0.00876	0.00964	0.0114	0.01252	0.01572	0.01718	0.01844	0.021	0.02368	0.02706	0.03142	0.03442	0.0392	0.04516	0.05204	0.06404	0.08878	0.05874	0.00754	2e-05	0.0	0.0	0.0	0.0	0.0	0.0	0.0	0.0	0.0	0.0	0.0	0.0	0.0	0.0	0.0	0.0	0.0	0.0	0.0	0.0	0.0	0.0	0.0	0.0	
-0.029934  1800.0  2000.0  8e-05	4e-05	0.00012	2e-05	0.00014	0.00024	0.00024	0.00036	0.00052	0.00084	0.00108	0.00108	0.001	0.0019	0.00202	0.00198	0.00296	0.00366	0.00404	0.00486	0.00598	0.00614	0.0072	0.00868	0.01052	0.01138	0.01352	0.01704	0.018	0.02104	0.02322	0.02576	0.03046	0.03212	0.035	0.04118	0.0464	0.05242	0.06576	0.08806	0.03682	0.00026	2e-05	2e-05	0.0	0.0	0.0	0.0	0.0	0.0	0.0	0.0	0.0	0.0	0.0	0.0	0.0	0.0	0.0	0.0	0.0	0.0	0.0	0.0	0.0	
-0.017746  2000.0  2250.0  2e-05	4e-05	0.00016	0.00014	0.00012	0.00016	0.00014	0.00026	0.00036	0.00036	0.00056	0.00086	0.00094	0.00146	0.00116	0.00204	0.0023	0.00274	0.00318	0.00374	0.00426	0.00544	0.00628	0.00764	0.00906	0.00998	0.01084	0.014	0.0145	0.01714	0.01838	0.0217	0.02314	0.02762	0.03088	0.03484	0.04048	0.04292	0.04854	0.0539	0.07272	0.0686	0.01808	6e-05	2e-05	0.0	0.0	0.0	0.0	0.0	0.0	0.0	0.0	0.0	0.0	0.0	0.0	0.0	0.0	0.0	0.0	0.0	0.0	0.0	0.0	
-0.007862  2250.0  2500.0  2e-05	6e-05	8e-05	2e-05	0.0001	4e-05	0.00014	0.00012	0.00046	0.0003	0.00058	0.00064	0.0007	0.00098	0.00108	0.0015	0.00178	0.00218	0.00284	0.00336	0.00348	0.00496	0.00574	0.00658	0.00784	0.0074	0.01	0.01082	0.01286	0.01436	0.01608	0.01832	0.01946	0.02274	0.0256	0.03	0.0315	0.03662	0.04018	0.04336	0.0495	0.05534	0.07844	0.05142	0.00466	4e-05	0.0	0.0	0.0	0.0	0.0	0.0	0.0	0.0	0.0	0.0	0.0	0.0	0.0	0.0	0.0	0.0	0.0	0.0	0.0	
-0.00356  2500.0  2750.0  4e-05	2e-05	2e-05	2e-05	6e-05	8e-05	0.00016	0.00012	0.0001	0.00022	0.00022	0.00038	0.00074	0.00056	0.00098	0.00116	0.00134	0.0018	0.00218	0.00262	0.0036	0.00388	0.0042	0.00546	0.0062	0.0077	0.00836	0.00912	0.00974	0.0111	0.01312	0.01448	0.01806	0.01976	0.0206	0.02302	0.02748	0.03116	0.03458	0.03886	0.04136	0.04696	0.05014	0.05916	0.07632	0.01922	6e-05	2e-05	0.0	0.0	0.0	0.0	0.0	0.0	0.0	0.0	0.0	0.0	0.0	0.0	0.0	0.0	0.0	0.0	0.0	
-0.001635  2750.0  3000.0  2e-05	2e-05	6e-05	6e-05	8e-05	2e-05	0.0001	2e-05	0.00016	0.00016	0.00012	0.00034	0.00034	0.00052	0.00068	0.00096	0.00098	0.00124	0.00198	0.00238	0.0026	0.00322	0.00368	0.00474	0.00588	0.00644	0.00746	0.0086	0.00932	0.01068	0.01118	0.01272	0.01554	0.01762	0.01982	0.02116	0.02516	0.02694	0.02996	0.03308	0.03602	0.04074	0.04402	0.04604	0.05124	0.07132	0.03996	0.00032	0.0	0.0	0.0	0.0	0.0	0.0	0.0	0.0	0.0	0.0	0.0	0.0	0.0	0.0	0.0	0.0	0.0	
-0.00111  3000.0  3500.0  0.0	4e-05	0.0	2e-05	2e-05	2e-05	6e-05	4e-05	6e-05	6e-05	6e-05	0.0002	0.0003	0.00028	0.00048	0.00058	0.00094	0.00132	0.0014	0.00156	0.0021	0.00308	0.00382	0.00352	0.00488	0.00574	0.00648	0.00696	0.00884	0.0098	0.01064	0.01056	0.01324	0.01506	0.01714	0.01832	0.02058	0.023	0.02638	0.02942	0.0317	0.03478	0.03902	0.04016	0.04218	0.04612	0.05608	0.0554	0.02188	0.00188	0.0	0.0	0.0	0.0	0.0	0.0	0.0	0.0	0.0	0.0	0.0	0.0	0.0	0.0	0.0	
-0.000237  3500.0  4000.0  4e-05	2e-05	0.0	2e-05	0.0	0.0	0.0	4e-05	6e-05	8e-05	8e-05	0.0001	0.00012	0.00028	0.00026	0.00028	0.0005	0.0004	0.00094	0.0011	0.00152	0.00186	0.00256	0.00322	0.00372	0.00436	0.00478	0.006	0.00622	0.0074	0.00882	0.00936	0.01274	0.01216	0.01322	0.01498	0.0176	0.01708	0.02084	0.02338	0.02694	0.03018	0.03154	0.03432	0.03496	0.03478	0.03898	0.04222	0.04782	0.05814	0.02528	0.00188	0.0	0.0	0.0	0.0	0.0	0.0	0.0	0.0	0.0	0.0	0.0	0.0	0.0	
-5.6e-05  4000.0  15000.0  0.0	2e-05	2e-05	0.0	2e-05	0.0	0.0	0.0	2e-05	0.0	0.0	6e-05	2e-05	8e-05	0.00016	6e-05	0.00018	0.00016	0.00024	0.0006	0.00058	0.00098	0.00138	0.00192	0.00218	0.00256	0.0041	0.0044	0.00542	0.00598	0.00766	0.00752	0.00854	0.00878	0.01056	0.0118	0.0134	0.0161	0.0162	0.01948	0.0213	0.0245	0.0262	0.02848	0.02948	0.02984	0.0319	0.033	0.03554	0.0374	0.04386	0.04998	0.02626	0.01054	0.00454	0.00202	0.0009	0.00022	0.0002	2e-05	0.0	0.0	0.0	0.0	0.0	
