#===============
# Experiment : ATLAS
# Search : 1906_05609
# ll~ : eve
# qq~ : bu~
# FF  : vector
# XY  :  LL RR
# coef : 0 0
# type : S1*S1 S3*S3
# Nevs : 50000
#===============
#
# XSEC	BIN_MIN	BIN_MAX 	 Kij 
# 130.0 138.982 148.585 158.852 169.828 181.562 194.107 207.519 221.857 237.186 253.575 271.095 289.827 309.852 331.261 354.15 378.62 404.781 432.749 462.65 494.616 528.792 565.329 604.39 646.15 690.796 738.526 789.555 844.109 902.433 964.786 1031.45 1102.72 1178.91 1260.36 1347.45 1440.55 1540.09 1646.5 1760.26 1881.89 2011.92 2150.93 2299.55 2458.43 2628.3 2809.9 3004.05 3211.62 3433.52 3670.76 3924.39 4195.55 4485.44 4795.36 5126.69 5480.92 5859.63 6264.5 6697.34 7160.09 7654.82 8183.73 8749.18 9353.71 10000.0 
0.054856  200.0  300.0  0.00546	0.01278	0.02106	0.02792	0.03558	0.04684	0.0593	0.06494	0.06276	0.05766	0.04922	0.03256	0.0126	0.00164	0.0004	0.00014	0.0001	8e-05	6e-05	6e-05	4e-05	0.0	0.0	0.0	0.0	0.0	2e-05	0.0	0.0	0.0	0.0	0.0	0.0	0.0	0.0	0.0	0.0	0.0	0.0	0.0	0.0	0.0	0.0	0.0	0.0	0.0	0.0	0.0	0.0	0.0	0.0	0.0	0.0	0.0	0.0	0.0	0.0	0.0	0.0	0.0	0.0	0.0	0.0	0.0	0.0	
0.040982  300.0  400.0  0.00234	0.00594	0.00914	0.01134	0.01464	0.01792	0.02108	0.02586	0.0315	0.03782	0.04648	0.0586	0.0765	0.08258	0.06998	0.05262	0.02472	0.0031	0.0006	0.00018	2e-05	4e-05	0.0	2e-05	2e-05	0.0	2e-05	0.0	0.0	0.0	0.0	0.0	0.0	0.0	0.0	0.0	0.0	0.0	0.0	0.0	0.0	0.0	0.0	0.0	0.0	0.0	0.0	0.0	0.0	0.0	0.0	0.0	0.0	0.0	0.0	0.0	0.0	0.0	0.0	0.0	0.0	0.0	0.0	0.0	0.0	
0.030736  400.0  500.0  0.00162	0.00304	0.00474	0.00638	0.00826	0.0095	0.01258	0.01358	0.01766	0.02082	0.02374	0.02758	0.0334	0.03922	0.0452	0.06004	0.08454	0.09662	0.07758	0.0453	0.00772	0.00058	0.00036	0.00028	2e-05	4e-05	4e-05	2e-05	2e-05	0.0	0.0	0.0	2e-05	0.0	0.0	0.0	0.0	0.0	0.0	0.0	0.0	0.0	0.0	0.0	0.0	0.0	0.0	0.0	0.0	0.0	0.0	0.0	0.0	0.0	0.0	0.0	0.0	0.0	0.0	0.0	0.0	0.0	0.0	0.0	0.0	
0.02324  500.0  600.0  0.00096	0.00174	0.00294	0.0036	0.00444	0.00588	0.00762	0.00936	0.01048	0.01248	0.0148	0.01748	0.02048	0.0242	0.02868	0.03274	0.039	0.04522	0.06084	0.07948	0.10798	0.08448	0.04188	0.00354	0.00044	0.00022	6e-05	4e-05	4e-05	0.0	0.0	0.0	2e-05	0.0	0.0	0.0	0.0	0.0	0.0	0.0	0.0	0.0	0.0	0.0	0.0	0.0	0.0	0.0	0.0	0.0	0.0	0.0	0.0	0.0	0.0	0.0	0.0	0.0	0.0	0.0	0.0	0.0	0.0	0.0	0.0	
0.017736  600.0  700.0  0.0006	0.00112	0.00172	0.00238	0.00364	0.00386	0.0046	0.00596	0.00694	0.00782	0.00988	0.01184	0.01292	0.01678	0.01902	0.02204	0.02604	0.0309	0.03566	0.04294	0.05298	0.06366	0.09488	0.11042	0.06716	0.01032	0.00058	0.00022	6e-05	2e-05	0.0	0.0	0.0	0.0	0.0	0.0	0.0	0.0	0.0	0.0	0.0	0.0	0.0	0.0	0.0	0.0	0.0	0.0	0.0	0.0	0.0	0.0	0.0	0.0	0.0	0.0	0.0	0.0	0.0	0.0	0.0	0.0	0.0	0.0	0.0	
0.013611  700.0  800.0  0.00032	0.00072	0.0013	0.0015	0.00198	0.0028	0.00344	0.00462	0.00484	0.00554	0.00646	0.00892	0.00974	0.01176	0.01306	0.01512	0.01802	0.02192	0.02436	0.0299	0.0336	0.04214	0.05038	0.06014	0.088	0.12008	0.07774	0.01056	0.00054	0.00026	0.00012	4e-05	0.0	0.0	0.0	0.0	0.0	0.0	0.0	0.0	0.0	2e-05	0.0	0.0	0.0	0.0	0.0	0.0	0.0	0.0	0.0	0.0	0.0	0.0	0.0	0.0	0.0	0.0	0.0	0.0	0.0	0.0	0.0	0.0	0.0	
0.010465  800.0  900.0  0.0004	0.0007	0.0011	0.00124	0.00138	0.00182	0.00232	0.0024	0.0037	0.00484	0.00548	0.00624	0.00684	0.00896	0.00946	0.01192	0.01358	0.0145	0.01768	0.02124	0.02534	0.0294	0.03464	0.04168	0.05336	0.06402	0.0886	0.1276	0.0694	0.00422	0.00046	0.00032	2e-05	2e-05	2e-05	0.0	0.0	2e-05	0.0	0.0	0.0	0.0	0.0	0.0	0.0	0.0	0.0	0.0	0.0	0.0	0.0	0.0	0.0	0.0	0.0	0.0	0.0	0.0	0.0	0.0	0.0	0.0	0.0	0.0	0.0	
0.008093  900.0  1000.0  0.00018	0.0004	0.0008	0.00058	0.00122	0.00156	0.00182	0.00224	0.00256	0.00308	0.0038	0.005	0.00522	0.00668	0.00784	0.00898	0.00916	0.01248	0.01496	0.016	0.01848	0.02152	0.02722	0.0329	0.03588	0.04396	0.05384	0.06888	0.10482	0.12358	0.0358	0.0011	0.0003	8e-05	4e-05	2e-05	0.0	0.0	0.0	0.0	0.0	0.0	0.0	0.0	0.0	0.0	0.0	0.0	0.0	0.0	0.0	0.0	0.0	0.0	0.0	0.0	0.0	0.0	0.0	0.0	0.0	0.0	0.0	0.0	0.0	
0.011165  1000.0  1200.0  0.00014	0.0003	0.00032	0.00062	0.00096	0.00076	0.0011	0.00164	0.00176	0.002	0.00258	0.00348	0.00342	0.0046	0.0048	0.00646	0.0072	0.00796	0.0098	0.0116	0.0138	0.01568	0.01886	0.0215	0.02416	0.03012	0.03656	0.04296	0.05404	0.06986	0.10638	0.09718	0.05866	0.008	0.00044	8e-05	2e-05	0.0	2e-05	0.0	0.0	0.0	0.0	0.0	0.0	0.0	0.0	0.0	0.0	0.0	0.0	0.0	0.0	0.0	0.0	0.0	0.0	0.0	0.0	0.0	0.0	0.0	0.0	0.0	0.0	
0.006776  1200.0  1400.0  0.0001	0.0002	0.0003	0.00024	0.00034	0.00062	0.00066	0.00084	0.00116	0.00118	0.00168	0.0019	0.00234	0.00242	0.00334	0.0037	0.00462	0.00514	0.0064	0.00702	0.00862	0.01048	0.0118	0.01364	0.01672	0.0211	0.02362	0.02684	0.0309	0.03736	0.04516	0.05764	0.07944	0.12238	0.0881	0.02444	0.00062	6e-05	4e-05	0.0	2e-05	0.0	0.0	0.0	0.0	0.0	0.0	0.0	0.0	0.0	0.0	0.0	0.0	0.0	0.0	0.0	0.0	0.0	0.0	0.0	0.0	0.0	0.0	0.0	0.0	
0.004148  1400.0  1600.0  8e-05	8e-05	0.00024	0.00022	0.0002	0.0004	0.00042	0.00042	0.00078	0.00092	0.0009	0.00142	0.00148	0.00198	0.002	0.00266	0.0033	0.00408	0.00472	0.00538	0.00612	0.00756	0.00842	0.0104	0.01128	0.01358	0.01544	0.0188	0.0225	0.02556	0.0298	0.037	0.04416	0.05434	0.07446	0.1201	0.1027	0.02866	0.00034	0.00014	2e-05	2e-05	0.0	0.0	0.0	0.0	0.0	0.0	0.0	0.0	0.0	0.0	0.0	0.0	0.0	0.0	0.0	0.0	0.0	0.0	0.0	0.0	0.0	0.0	0.0	
0.002544  1600.0  1800.0  2e-05	4e-05	0.00016	0.00018	0.0002	0.00026	0.00034	0.00028	0.00048	0.00066	0.00072	0.00138	0.0011	0.00124	0.00144	0.00178	0.00212	0.00266	0.00292	0.0034	0.0045	0.00494	0.0061	0.00702	0.00856	0.00912	0.01166	0.01428	0.01552	0.01794	0.02086	0.0261	0.03048	0.03474	0.0447	0.0556	0.07762	0.12878	0.1054	0.01618	0.00024	0.00012	0.0	0.0	0.0	0.0	0.0	0.0	0.0	0.0	0.0	0.0	0.0	0.0	0.0	0.0	0.0	0.0	0.0	0.0	0.0	0.0	0.0	0.0	0.0	
0.001569  1800.0  2000.0  0.0001	4e-05	0.0001	8e-05	0.00012	0.00012	0.0003	0.00026	0.0003	0.00042	0.00058	0.00042	0.00086	0.00078	0.0013	0.00116	0.00148	0.00222	0.00224	0.0025	0.00288	0.00378	0.0048	0.00524	0.00602	0.00798	0.00834	0.01072	0.01094	0.0133	0.0163	0.01874	0.0218	0.02596	0.03154	0.03872	0.04666	0.06084	0.08736	0.1459	0.07478	0.00116	0.00018	2e-05	0.0	0.0	0.0	0.0	0.0	0.0	0.0	0.0	0.0	0.0	0.0	0.0	0.0	0.0	0.0	0.0	0.0	0.0	0.0	0.0	0.0	
0.001146  2000.0  2250.0  0.0	2e-05	6e-05	0.0	4e-05	8e-05	0.00016	0.00018	0.00022	0.00026	0.0003	0.00046	0.00044	0.00074	0.00056	0.00082	0.00118	0.00142	0.00168	0.00178	0.00216	0.00288	0.003	0.0038	0.00456	0.00546	0.00648	0.00754	0.00836	0.0095	0.01262	0.01458	0.0159	0.0194	0.02238	0.02698	0.03364	0.0418	0.0522	0.0699	0.11352	0.13096	0.0411	0.0004	6e-05	2e-05	0.0	2e-05	0.0	0.0	0.0	0.0	0.0	0.0	0.0	0.0	0.0	0.0	0.0	0.0	0.0	0.0	0.0	0.0	0.0	
0.000628  2250.0  2500.0  2e-05	0.0	2e-05	2e-05	8e-05	4e-05	0.0001	8e-05	0.00012	0.00012	0.00026	0.00026	0.00014	0.0004	0.00066	0.00072	0.00058	0.0012	0.00102	0.00134	0.00136	0.00234	0.0022	0.00252	0.00354	0.00398	0.00494	0.00556	0.00622	0.00772	0.00856	0.01026	0.01212	0.01434	0.01644	0.02012	0.02312	0.02884	0.03374	0.04382	0.05664	0.07876	0.14046	0.11648	0.01096	6e-05	2e-05	2e-05	0.0	0.0	0.0	0.0	0.0	0.0	0.0	0.0	0.0	0.0	0.0	0.0	0.0	0.0	0.0	0.0	0.0	
0.000346  2500.0  2750.0  0.0	0.0	0.0	4e-05	2e-05	6e-05	4e-05	4e-05	4e-05	0.0001	0.00012	0.0001	0.00018	0.0001	0.00024	0.00038	0.00038	0.00072	0.00096	0.00104	0.00124	0.00144	0.00166	0.00206	0.00238	0.00266	0.0032	0.0038	0.00462	0.00622	0.00596	0.00744	0.00948	0.01042	0.01214	0.01394	0.0179	0.02216	0.02656	0.03216	0.03806	0.04878	0.06752	0.09954	0.16412	0.05302	0.0002	2e-05	2e-05	0.0	0.0	0.0	0.0	0.0	0.0	0.0	0.0	0.0	0.0	0.0	0.0	0.0	0.0	0.0	0.0	
0.000191  2750.0  3000.0  0.0	0.0	0.0	4e-05	2e-05	2e-05	2e-05	0.0001	0.0001	6e-05	6e-05	0.00012	0.00024	0.00014	0.00028	0.00042	0.00044	0.00032	0.00058	0.00052	0.0008	0.0011	0.0013	0.0017	0.00204	0.0021	0.00296	0.00318	0.00406	0.0043	0.00502	0.00616	0.00692	0.00806	0.00984	0.0117	0.01326	0.01674	0.01924	0.02424	0.02838	0.03486	0.04612	0.05958	0.08494	0.15588	0.10638	0.00174	0.0	0.0	0.0	0.0	0.0	0.0	0.0	0.0	0.0	0.0	0.0	0.0	0.0	0.0	0.0	0.0	0.0	
0.000164  3000.0  3500.0  0.0	2e-05	0.0	0.0	0.0	0.0	0.0	8e-05	0.0	0.0	8e-05	4e-05	0.0001	6e-05	0.00012	0.00024	0.00036	0.00036	0.00034	0.00038	0.0005	0.00062	0.00094	0.00104	0.00156	0.00146	0.0022	0.00242	0.00308	0.00326	0.00398	0.0045	0.00578	0.00584	0.0073	0.0081	0.00918	0.01168	0.0137	0.0171	0.02068	0.0244	0.03082	0.03828	0.0511	0.06844	0.11126	0.14238	0.0713	0.00696	2e-05	0.0	0.0	0.0	0.0	0.0	0.0	0.0	0.0	0.0	0.0	0.0	0.0	0.0	0.0	
5e-05  3500.0  4000.0  0.0	0.0	4e-05	4e-05	2e-05	2e-05	0.0	0.0	0.0	0.0	4e-05	2e-05	6e-05	8e-05	6e-05	0.0001	0.00012	0.00016	0.00018	0.00024	0.00034	0.0003	0.00066	0.00052	0.00086	0.00092	0.00108	0.00152	0.00188	0.00238	0.0028	0.00312	0.00346	0.0041	0.00506	0.0052	0.00634	0.00726	0.00928	0.01018	0.01274	0.01508	0.01944	0.02436	0.02904	0.0369	0.04762	0.06362	0.09774	0.16428	0.08808	0.00886	0.0	0.0	2e-05	0.0	0.0	0.0	0.0	0.0	0.0	0.0	0.0	0.0	0.0	
2.2e-05  4000.0  15000.0  4e-05	0.0	0.0	0.0	2e-05	0.0	0.0	0.0	0.0	0.0	0.0	0.0	0.0	2e-05	0.0	6e-05	0.0	8e-05	4e-05	8e-05	0.00024	0.00016	0.00032	0.00022	0.00054	0.00082	0.00068	0.0008	0.00092	0.00164	0.00168	0.00176	0.00208	0.00268	0.0037	0.00372	0.0038	0.00482	0.00554	0.0064	0.00768	0.0086	0.01138	0.01362	0.01808	0.02164	0.02654	0.0321	0.04388	0.05748	0.08302	0.14024	0.08652	0.04494	0.02238	0.00994	0.0042	0.00176	0.00064	0.0002	8e-05	2e-05	0.0	0.0	0.0	
