#===============
# Experiment : ATLAS
# Search : 1906_05609
# ll~ : eve
# qq~ : dc~
# FF  : vector
# XY  :  LL RR
# coef : 0 0
# type : W*U3 W*U1
# Nevs : 50000
#===============
#
# XSEC	BIN_MIN	BIN_MAX 	 Kij 
# 130.0 138.982 148.585 158.852 169.828 181.562 194.107 207.519 221.857 237.186 253.575 271.095 289.827 309.852 331.261 354.15 378.62 404.781 432.749 462.65 494.616 528.792 565.329 604.39 646.15 690.796 738.526 789.555 844.109 902.433 964.786 1031.45 1102.72 1178.91 1260.36 1347.45 1440.55 1540.09 1646.5 1760.26 1881.89 2011.92 2150.93 2299.55 2458.43 2628.3 2809.9 3004.05 3211.62 3433.52 3670.76 3924.39 4195.55 4485.44 4795.36 5126.69 5480.92 5859.63 6264.5 6697.34 7160.09 7654.82 8183.73 8749.18 9353.71 10000.0 
6.1084  200.0  300.0  0.00376	0.00828	0.01262	0.01682	0.0238	0.0319	0.04536	0.04906	0.04848	0.04628	0.04074	0.02858	0.01038	0.00104	0.00024	0.0	2e-05	2e-05	0.0	0.0	0.0	0.0	0.0	0.0	0.0	0.0	0.0	0.0	0.0	0.0	0.0	0.0	0.0	0.0	0.0	0.0	0.0	0.0	0.0	0.0	0.0	0.0	0.0	0.0	0.0	0.0	0.0	0.0	0.0	0.0	0.0	0.0	0.0	0.0	0.0	0.0	0.0	0.0	0.0	0.0	0.0	0.0	0.0	0.0	0.0	
5.2476  300.0  400.0  0.00134	0.00312	0.0043	0.00652	0.0079	0.01098	0.0134	0.01696	0.02024	0.02612	0.0325	0.0438	0.0645	0.0679	0.06106	0.04654	0.0214	0.0021	0.00026	6e-05	4e-05	0.0	0.0	0.0	0.0	0.0	0.0	0.0	0.0	0.0	0.0	0.0	0.0	0.0	0.0	0.0	0.0	0.0	0.0	0.0	0.0	0.0	0.0	0.0	0.0	0.0	0.0	0.0	0.0	0.0	0.0	0.0	0.0	0.0	0.0	0.0	0.0	0.0	0.0	0.0	0.0	0.0	0.0	0.0	0.0	
4.4638  400.0  500.0  0.0006	0.00164	0.00256	0.00336	0.00376	0.00588	0.00698	0.00878	0.01088	0.01274	0.0157	0.01764	0.02296	0.02768	0.03566	0.04716	0.0691	0.08144	0.06718	0.04124	0.0056	0.0003	0.00014	2e-05	0.0	2e-05	0.0	0.0	0.0	0.0	0.0	0.0	0.0	0.0	0.0	0.0	0.0	0.0	0.0	0.0	0.0	0.0	0.0	0.0	0.0	0.0	0.0	0.0	0.0	0.0	0.0	0.0	0.0	0.0	0.0	0.0	0.0	0.0	0.0	0.0	0.0	0.0	0.0	0.0	0.0	
3.7774  500.0  600.0  0.00048	0.00072	0.00142	0.00174	0.00218	0.00326	0.00416	0.00498	0.00664	0.0075	0.00926	0.0108	0.0129	0.0166	0.02098	0.02406	0.02866	0.03614	0.04718	0.06738	0.09254	0.07604	0.0349	0.00228	4e-05	8e-05	0.0	0.0	0.0	0.0	0.0	0.0	0.0	0.0	0.0	0.0	0.0	0.0	0.0	0.0	0.0	0.0	0.0	0.0	0.0	0.0	0.0	0.0	0.0	0.0	0.0	0.0	0.0	0.0	0.0	0.0	0.0	0.0	0.0	0.0	0.0	0.0	0.0	0.0	0.0	
3.1928  600.0  700.0  0.00028	0.00076	0.00102	0.00126	0.00144	0.00218	0.00272	0.00342	0.0044	0.00546	0.006	0.00616	0.00848	0.01028	0.0128	0.01582	0.01944	0.02308	0.02732	0.03368	0.04212	0.05336	0.08208	0.09686	0.0608	0.00784	0.00028	8e-05	6e-05	0.0	2e-05	2e-05	0.0	0.0	0.0	0.0	0.0	0.0	0.0	0.0	0.0	0.0	0.0	0.0	0.0	0.0	0.0	0.0	0.0	0.0	0.0	0.0	0.0	0.0	0.0	0.0	0.0	0.0	0.0	0.0	0.0	0.0	0.0	0.0	0.0	
2.693  700.0  800.0  0.00016	0.0003	0.00044	0.00078	0.00114	0.00106	0.0017	0.002	0.00332	0.00352	0.00378	0.00486	0.00624	0.00724	0.00944	0.01068	0.01208	0.01504	0.01902	0.02222	0.02706	0.03406	0.04202	0.05074	0.07646	0.10278	0.06994	0.00774	0.00024	8e-05	8e-05	0.0	0.0	0.0	0.0	0.0	0.0	0.0	0.0	0.0	0.0	0.0	0.0	0.0	0.0	0.0	0.0	0.0	0.0	0.0	0.0	0.0	0.0	0.0	0.0	0.0	0.0	0.0	0.0	0.0	0.0	0.0	0.0	0.0	0.0	
2.2686  800.0  900.0  0.0001	0.00022	0.00056	0.00052	0.00078	0.001	0.00128	0.00142	0.00194	0.00276	0.00288	0.0037	0.00412	0.00546	0.00632	0.00784	0.00992	0.01204	0.01434	0.01668	0.02004	0.02406	0.02934	0.0349	0.04298	0.0549	0.07668	0.10916	0.05862	0.00274	0.00012	4e-05	0.0	2e-05	0.0	0.0	0.0	0.0	0.0	0.0	0.0	0.0	0.0	0.0	0.0	0.0	0.0	0.0	0.0	0.0	0.0	0.0	0.0	0.0	0.0	0.0	0.0	0.0	0.0	0.0	0.0	0.0	0.0	0.0	0.0	
1.91088  900.0  1000.0  0.00012	0.00022	0.00026	0.00038	0.00046	0.00082	0.00108	0.0011	0.00172	0.00182	0.00226	0.00288	0.00358	0.0036	0.00478	0.00604	0.0073	0.00894	0.01152	0.01382	0.01516	0.01776	0.02224	0.02604	0.0311	0.03704	0.04616	0.05858	0.08988	0.10432	0.02884	0.00042	6e-05	8e-05	0.0	0.0	0.0	0.0	2e-05	0.0	0.0	0.0	0.0	0.0	0.0	0.0	0.0	0.0	0.0	0.0	0.0	0.0	0.0	0.0	0.0	0.0	0.0	0.0	0.0	0.0	0.0	0.0	0.0	0.0	0.0	
2.964  1000.0  1200.0  0.00016	0.00018	0.00018	0.00014	0.00034	0.0005	0.00072	0.00108	0.00096	0.00094	0.00166	0.00184	0.00192	0.00286	0.00344	0.00378	0.00514	0.00652	0.00794	0.00972	0.01132	0.01314	0.0161	0.0188	0.02226	0.0274	0.03244	0.03926	0.0461	0.05756	0.0894	0.07882	0.04726	0.0053	0.0001	2e-05	0.0	0.0	0.0	0.0	0.0	0.0	0.0	0.0	0.0	0.0	0.0	0.0	0.0	0.0	0.0	0.0	0.0	0.0	0.0	0.0	0.0	0.0	0.0	0.0	0.0	0.0	0.0	0.0	0.0	
2.0948  1200.0  1400.0  0.0	0.00014	0.00014	0.00014	0.0002	0.00048	0.00046	0.00064	0.00062	0.00088	0.00092	0.00144	0.00142	0.00216	0.00262	0.0029	0.00364	0.00474	0.00526	0.00668	0.00792	0.00866	0.01078	0.01308	0.01576	0.0185	0.02108	0.02516	0.02962	0.03496	0.04154	0.0504	0.06598	0.09512	0.068	0.01782	0.00028	0.0	0.0	0.0	0.0	0.0	0.0	0.0	0.0	0.0	0.0	0.0	0.0	0.0	0.0	0.0	0.0	0.0	0.0	0.0	0.0	0.0	0.0	0.0	0.0	0.0	0.0	0.0	0.0	
1.47958  1400.0  1600.0  0.0001	6e-05	0.00014	8e-05	0.00018	6e-05	0.00024	0.00022	0.00032	0.00054	0.0007	0.00076	0.00098	0.00138	0.00164	0.00188	0.00236	0.00294	0.00382	0.0046	0.00602	0.00708	0.00808	0.0099	0.0109	0.01438	0.01558	0.01912	0.02318	0.02604	0.02984	0.03496	0.0417	0.04832	0.0623	0.09288	0.07496	0.0185	8e-05	4e-05	4e-05	0.0	0.0	0.0	0.0	0.0	0.0	0.0	0.0	0.0	0.0	0.0	0.0	0.0	0.0	0.0	0.0	0.0	0.0	0.0	0.0	0.0	0.0	0.0	0.0	
1.04384  1600.0  1800.0  0.0	2e-05	8e-05	6e-05	0.0001	8e-05	0.00014	0.00016	0.00016	0.00038	0.0006	0.00052	0.00086	0.00108	0.00098	0.00156	0.00188	0.0025	0.00278	0.0031	0.0045	0.00532	0.00636	0.00766	0.00962	0.01066	0.01254	0.01442	0.01782	0.02016	0.02352	0.02662	0.03058	0.0352	0.04246	0.04984	0.06344	0.0912	0.07082	0.01068	8e-05	0.0	0.0	0.0	0.0	0.0	0.0	0.0	0.0	0.0	0.0	0.0	0.0	0.0	0.0	0.0	0.0	0.0	0.0	0.0	0.0	0.0	0.0	0.0	0.0	
0.73506  1800.0  2000.0  0.00012	8e-05	0.0	6e-05	2e-05	8e-05	0.0002	0.00016	0.00024	0.00014	0.0003	0.0004	0.00054	0.00064	0.00086	0.00134	0.00132	0.0016	0.00212	0.00294	0.00352	0.00432	0.00536	0.0064	0.0068	0.00866	0.00988	0.0118	0.01486	0.0161	0.01836	0.02192	0.02522	0.0285	0.03258	0.0369	0.04568	0.05246	0.06664	0.0941	0.04564	0.00042	2e-05	2e-05	0.0	0.0	0.0	0.0	0.0	0.0	0.0	0.0	0.0	0.0	0.0	0.0	0.0	0.0	0.0	0.0	0.0	0.0	0.0	0.0	0.0	
0.62114  2000.0  2250.0  0.00012	4e-05	6e-05	2e-05	2e-05	6e-05	0.00012	8e-05	0.00016	0.00016	0.00014	0.00022	0.00046	0.00054	0.00072	0.00078	0.0012	0.00136	0.00152	0.00232	0.0027	0.00278	0.0038	0.00512	0.00526	0.00688	0.00844	0.01042	0.01174	0.01438	0.0162	0.01832	0.02104	0.02358	0.02866	0.03026	0.03538	0.04008	0.04546	0.05636	0.07586	0.0773	0.02232	0.00018	0.0	0.0	0.0	0.0	0.0	0.0	0.0	0.0	0.0	0.0	0.0	0.0	0.0	0.0	0.0	0.0	0.0	0.0	0.0	0.0	0.0	
0.40088  2250.0  2500.0  2e-05	0.0	0.0	4e-05	2e-05	2e-05	6e-05	4e-05	0.00018	0.00012	0.00018	0.0002	0.00024	0.0004	0.00052	0.00074	0.00086	0.0008	0.00112	0.00154	0.00218	0.00278	0.00284	0.00416	0.00488	0.00592	0.0066	0.0088	0.00892	0.01138	0.01286	0.01584	0.018	0.02024	0.02232	0.02584	0.02916	0.0331	0.03594	0.04268	0.04964	0.05738	0.07818	0.05868	0.00536	0.0	2e-05	0.0	0.0	0.0	0.0	0.0	0.0	0.0	0.0	0.0	0.0	0.0	0.0	0.0	0.0	0.0	0.0	0.0	0.0	
0.25842  2500.0  2750.0  0.0	2e-05	2e-05	4e-05	8e-05	6e-05	2e-05	4e-05	2e-05	6e-05	0.00016	0.00016	0.00026	0.00024	0.00024	0.0004	0.00056	0.00104	0.00136	0.0014	0.00186	0.00176	0.00206	0.00326	0.00412	0.00536	0.00632	0.0068	0.00794	0.00972	0.0119	0.0139	0.01554	0.01672	0.01992	0.0219	0.02512	0.02888	0.03232	0.03352	0.04086	0.04586	0.04984	0.06064	0.07932	0.0244	0.00012	0.0	0.0	0.0	0.0	0.0	0.0	0.0	0.0	0.0	0.0	0.0	0.0	0.0	0.0	0.0	0.0	0.0	0.0	
0.166484  2750.0  3000.0  2e-05	0.0	0.0	0.0	0.0	0.0	4e-05	6e-05	0.0001	8e-05	2e-05	0.00014	0.0002	0.00016	0.00024	0.00036	0.0004	0.00056	0.00082	0.00106	0.00126	0.00128	0.00174	0.00296	0.00336	0.0047	0.0044	0.00532	0.00734	0.0087	0.01046	0.01166	0.01336	0.01612	0.01732	0.02096	0.0223	0.02588	0.02756	0.02938	0.03562	0.03812	0.04282	0.04752	0.05318	0.07512	0.04228	0.00032	0.0	0.0	0.0	0.0	0.0	0.0	0.0	0.0	0.0	0.0	0.0	0.0	0.0	0.0	0.0	0.0	0.0	
0.17611  3000.0  3500.0  2e-05	2e-05	0.0	0.0	0.0	0.0	0.0	4e-05	4e-05	8e-05	2e-05	6e-05	0.00012	0.00016	0.00016	0.00012	0.00048	0.00046	0.00054	0.00048	0.0008	0.00128	0.00164	0.00216	0.0027	0.0036	0.00408	0.00554	0.00628	0.00782	0.008	0.0098	0.01164	0.0129	0.01564	0.01718	0.0188	0.02104	0.0231	0.02592	0.02966	0.0312	0.03672	0.0396	0.04392	0.04654	0.05578	0.05628	0.02494	0.0026	0.0	0.0	0.0	0.0	0.0	0.0	0.0	0.0	0.0	0.0	0.0	0.0	0.0	0.0	0.0	
0.072326  3500.0  4000.0  0.0	0.0	0.0	0.0	2e-05	2e-05	0.0	0.0	0.0	0.0	2e-05	2e-05	0.0	8e-05	0.00012	2e-05	0.00018	0.00018	0.00036	0.0003	0.0005	0.00066	0.00092	0.00128	0.00182	0.00254	0.00328	0.00396	0.00422	0.00588	0.00746	0.00858	0.01024	0.01062	0.01278	0.01448	0.01552	0.01854	0.0202	0.02308	0.02408	0.02516	0.02944	0.03228	0.03512	0.03734	0.04122	0.04326	0.04798	0.05414	0.02616	0.00226	2e-05	0.0	0.0	0.0	0.0	0.0	0.0	0.0	0.0	0.0	0.0	0.0	0.0	
0.048306  4000.0  15000.0  0.0	0.0	2e-05	0.0	0.0	0.0	0.0	2e-05	0.0	0.0	0.0	2e-05	0.0	0.0	0.0	2e-05	6e-05	0.0001	6e-05	0.0002	0.00026	0.00038	0.0004	0.0006	0.00092	0.00148	0.00194	0.00264	0.00332	0.00464	0.00546	0.00696	0.00828	0.0091	0.01124	0.01288	0.01488	0.0143	0.01806	0.01882	0.01934	0.02078	0.02484	0.02508	0.02736	0.03078	0.03188	0.03494	0.0368	0.03838	0.03964	0.0428	0.02452	0.01306	0.00624	0.00324	0.00148	0.00062	0.00018	0.0	0.0	0.0	0.0	0.0	0.0	
