#===============
# Experiment : ATLAS
# Search : 1906_05609
# ll~ : eve
# qq~ : cb~
# FF  : vector
# XY  :  LL RR
# coef : 0 0
# type : W*U3 W*U1
# Nevs : 50000
#===============
#
# XSEC	BIN_MIN	BIN_MAX 	 Kij 
# 130.0 138.982 148.585 158.852 169.828 181.562 194.107 207.519 221.857 237.186 253.575 271.095 289.827 309.852 331.261 354.15 378.62 404.781 432.749 462.65 494.616 528.792 565.329 604.39 646.15 690.796 738.526 789.555 844.109 902.433 964.786 1031.45 1102.72 1178.91 1260.36 1347.45 1440.55 1540.09 1646.5 1760.26 1881.89 2011.92 2150.93 2299.55 2458.43 2628.3 2809.9 3004.05 3211.62 3433.52 3670.76 3924.39 4195.55 4485.44 4795.36 5126.69 5480.92 5859.63 6264.5 6697.34 7160.09 7654.82 8183.73 8749.18 9353.71 10000.0 
0.837198  200.0  300.0  0.0052	0.0132	0.02014	0.02812	0.03742	0.05174	0.0675	0.06722	0.05896	0.04732	0.03482	0.02358	0.00826	0.00144	0.00038	0.00026	0.00012	2e-05	4e-05	2e-05	2e-05	0.0	0.0	0.0	0.0	0.0	0.0	0.0	0.0	0.0	0.0	0.0	0.0	0.0	0.0	0.0	0.0	0.0	0.0	0.0	0.0	0.0	0.0	0.0	0.0	0.0	0.0	0.0	0.0	0.0	0.0	0.0	0.0	0.0	0.0	0.0	0.0	0.0	0.0	0.0	0.0	0.0	0.0	0.0	0.0	
0.281934  300.0  400.0  0.00276	0.00536	0.00798	0.01212	0.01388	0.0169	0.02174	0.02704	0.0322	0.03566	0.04696	0.0604	0.08256	0.08314	0.06374	0.04434	0.02056	0.00258	0.00052	0.00024	0.00016	0.0	2e-05	0.0	2e-05	2e-05	0.0	0.0	0.0	0.0	0.0	0.0	0.0	0.0	0.0	0.0	0.0	0.0	0.0	0.0	0.0	0.0	0.0	0.0	0.0	0.0	0.0	0.0	0.0	0.0	0.0	0.0	0.0	0.0	0.0	0.0	0.0	0.0	0.0	0.0	0.0	0.0	0.0	0.0	0.0	
0.120566  400.0  500.0  0.00162	0.00246	0.00466	0.00558	0.00814	0.00954	0.0109	0.01424	0.01716	0.02054	0.02432	0.02782	0.03356	0.03962	0.04708	0.06154	0.0843	0.09498	0.07022	0.03752	0.00628	0.00074	0.00016	0.00016	0.00012	2e-05	0.0	2e-05	0.0	0.0	0.0	0.0	0.0	0.0	0.0	0.0	0.0	0.0	0.0	0.0	0.0	0.0	0.0	0.0	0.0	0.0	0.0	0.0	0.0	0.0	0.0	0.0	0.0	0.0	0.0	0.0	0.0	0.0	0.0	0.0	0.0	0.0	0.0	0.0	0.0	
0.058852  500.0  600.0  0.0009	0.00182	0.00274	0.00368	0.00484	0.00612	0.00782	0.00876	0.0104	0.01242	0.01396	0.01696	0.02028	0.02328	0.02806	0.03262	0.04	0.04622	0.05976	0.08132	0.10398	0.07658	0.03548	0.00344	0.00052	0.00018	6e-05	2e-05	2e-05	0.0	0.0	0.0	0.0	0.0	0.0	0.0	0.0	0.0	0.0	0.0	0.0	0.0	0.0	0.0	0.0	0.0	0.0	0.0	0.0	0.0	0.0	0.0	0.0	0.0	0.0	0.0	0.0	0.0	0.0	0.0	0.0	0.0	0.0	0.0	0.0	
0.031373  600.0  700.0  0.0006	0.00108	0.00184	0.00244	0.00332	0.00424	0.00466	0.00616	0.00714	0.00824	0.00922	0.01144	0.01338	0.01554	0.01868	0.02122	0.02528	0.03028	0.03618	0.04176	0.05254	0.06572	0.09586	0.10566	0.05928	0.00854	0.00066	6e-05	0.00016	0.0	4e-05	2e-05	0.0	0.0	0.0	0.0	0.0	0.0	0.0	0.0	0.0	0.0	2e-05	0.0	0.0	0.0	0.0	0.0	0.0	0.0	0.0	0.0	0.0	0.0	0.0	0.0	0.0	0.0	0.0	0.0	0.0	0.0	0.0	0.0	0.0	
0.01779  700.0  800.0  0.00052	0.0007	0.00108	0.00184	0.00228	0.00244	0.00336	0.00364	0.00516	0.00574	0.00676	0.0081	0.00964	0.01184	0.01322	0.01592	0.01768	0.02232	0.0251	0.02866	0.0353	0.0412	0.04828	0.05952	0.0861	0.11748	0.06774	0.00892	0.00062	0.00026	8e-05	6e-05	2e-05	2e-05	0.0	2e-05	0.0	0.0	0.0	0.0	0.0	0.0	0.0	0.0	0.0	0.0	0.0	0.0	0.0	0.0	0.0	0.0	0.0	0.0	0.0	0.0	0.0	0.0	0.0	0.0	0.0	0.0	0.0	0.0	0.0	
0.010563  800.0  900.0  0.00032	0.00064	0.00072	0.0013	0.00136	0.00212	0.00222	0.00378	0.00314	0.0043	0.00516	0.00554	0.00708	0.00838	0.0093	0.01186	0.01338	0.01584	0.01892	0.02196	0.0255	0.03006	0.03644	0.04188	0.05018	0.06224	0.0858	0.12044	0.0598	0.00326	0.00048	0.00016	2e-05	2e-05	0.0	2e-05	0.0	0.0	0.0	0.0	0.0	0.0	0.0	0.0	0.0	0.0	0.0	0.0	0.0	0.0	0.0	0.0	0.0	0.0	0.0	0.0	0.0	0.0	0.0	0.0	0.0	0.0	0.0	0.0	0.0	
0.006511  900.0  1000.0  0.00022	0.00036	0.00064	0.00086	0.00108	0.00108	0.00142	0.00196	0.00282	0.0037	0.00378	0.0041	0.00508	0.00598	0.00708	0.00844	0.01034	0.01224	0.01398	0.01668	0.0198	0.0233	0.02658	0.03212	0.037	0.04384	0.05366	0.06784	0.10058	0.11518	0.02924	0.00088	0.00026	0.00012	0.0	2e-05	0.0	0.0	0.0	0.0	0.0	0.0	0.0	0.0	0.0	0.0	0.0	0.0	0.0	0.0	0.0	0.0	0.0	0.0	0.0	0.0	0.0	0.0	0.0	0.0	0.0	0.0	0.0	0.0	0.0	
0.006817  1000.0  1200.0  4e-05	0.00032	0.00034	0.00066	0.00082	0.00094	0.00122	0.00124	0.00198	0.00206	0.00302	0.00316	0.0045	0.00478	0.00562	0.0065	0.0078	0.0094	0.0105	0.01286	0.0145	0.01678	0.02004	0.02404	0.02794	0.03074	0.0375	0.04424	0.0532	0.0683	0.10202	0.084	0.04606	0.00576	0.00028	6e-05	4e-05	0.0	0.0	2e-05	0.0	0.0	0.0	0.0	0.0	0.0	0.0	0.0	0.0	0.0	0.0	0.0	0.0	0.0	0.0	0.0	0.0	0.0	0.0	0.0	0.0	0.0	0.0	0.0	0.0	
0.002989  1200.0  1400.0  0.00016	0.00024	0.00032	0.00034	0.00042	0.0006	0.00078	0.00098	0.00114	0.00142	0.002	0.00264	0.003	0.00334	0.00364	0.005	0.00572	0.00638	0.00702	0.00886	0.00966	0.012	0.01446	0.015	0.01832	0.02172	0.02666	0.02968	0.03458	0.04064	0.0465	0.05674	0.07582	0.10516	0.07108	0.01812	0.00038	0.0001	4e-05	0.0	0.0	0.0	0.0	0.0	0.0	0.0	0.0	0.0	0.0	0.0	0.0	0.0	0.0	0.0	0.0	0.0	0.0	0.0	0.0	0.0	0.0	0.0	0.0	0.0	0.0	
0.0014  1400.0  1600.0  0.00012	0.00012	0.00024	8e-05	0.00042	0.00044	0.00048	0.00042	0.0008	0.00102	0.00148	0.00126	0.00168	0.00216	0.00236	0.00352	0.00402	0.00456	0.00552	0.00606	0.00692	0.00792	0.01024	0.01166	0.01348	0.0149	0.01708	0.02004	0.02454	0.02842	0.03262	0.03854	0.04492	0.05518	0.06996	0.1059	0.0811	0.02108	0.00046	6e-05	2e-05	0.0	0.0	0.0	0.0	0.0	0.0	0.0	0.0	0.0	0.0	0.0	0.0	0.0	0.0	0.0	0.0	0.0	0.0	0.0	0.0	0.0	0.0	0.0	0.0	
0.00069  1600.0  1800.0  0.0001	4e-05	0.00016	0.00016	0.00024	0.00032	0.00034	0.00058	0.00052	0.00082	0.00084	0.0011	0.00146	0.0016	0.00194	0.00236	0.00274	0.00312	0.00384	0.00436	0.00518	0.00636	0.00818	0.00836	0.01044	0.01242	0.01338	0.01618	0.01932	0.01976	0.0263	0.02928	0.0337	0.03932	0.04684	0.05588	0.07068	0.10826	0.07968	0.01116	0.00014	0.0	2e-05	2e-05	0.0	0.0	0.0	0.0	0.0	0.0	0.0	0.0	0.0	0.0	0.0	0.0	0.0	0.0	0.0	0.0	0.0	0.0	0.0	0.0	0.0	
0.000353  1800.0  2000.0  0.00016	6e-05	6e-05	8e-05	0.00016	0.00028	0.00022	0.00034	0.00032	0.00042	0.00076	0.0007	0.00094	0.0012	0.00128	0.00168	0.00208	0.00268	0.00318	0.00398	0.00418	0.00518	0.0059	0.00666	0.00812	0.0092	0.01046	0.012	0.01422	0.01764	0.0205	0.023	0.02504	0.03086	0.03488	0.04126	0.04832	0.05578	0.07816	0.11462	0.05054	0.001	6e-05	4e-05	2e-05	0.0	0.0	0.0	0.0	0.0	0.0	0.0	0.0	0.0	0.0	0.0	0.0	0.0	0.0	0.0	0.0	0.0	0.0	0.0	0.0	
0.000218  2000.0  2250.0  0.0001	2e-05	0.0001	0.0001	0.00016	0.0001	0.00026	0.00016	0.00034	0.00046	0.00036	0.00058	0.00062	0.00094	0.0011	0.0015	0.0016	0.00164	0.0025	0.00274	0.0034	0.00404	0.00458	0.0056	0.00634	0.0073	0.00874	0.01008	0.01148	0.01294	0.01512	0.01826	0.02256	0.02518	0.02778	0.03368	0.0381	0.0445	0.0524	0.06408	0.09246	0.09286	0.02662	0.00034	6e-05	0.0	0.0	0.0	0.0	0.0	0.0	0.0	0.0	0.0	0.0	0.0	0.0	0.0	0.0	0.0	0.0	0.0	0.0	0.0	0.0	
0.000102  2250.0  2500.0  2e-05	0.0	2e-05	2e-05	4e-05	0.00016	0.00014	0.00028	0.00022	0.00034	0.00026	0.00038	0.00042	0.00064	0.00078	0.00102	0.001	0.00142	0.0016	0.00196	0.00244	0.00278	0.00328	0.00386	0.00504	0.00574	0.00664	0.00788	0.00892	0.01156	0.01314	0.01428	0.01696	0.01932	0.02266	0.0252	0.03068	0.03478	0.039	0.04704	0.05526	0.06804	0.10142	0.07324	0.00712	0.00018	2e-05	0.0	0.0	0.0	0.0	0.0	0.0	0.0	0.0	0.0	0.0	0.0	0.0	0.0	0.0	0.0	0.0	0.0	0.0	
4.9e-05  2500.0  2750.0  2e-05	2e-05	6e-05	0.0	4e-05	4e-05	0.0001	0.0001	0.00018	4e-05	0.00022	0.00032	0.00028	0.0004	0.00072	0.00062	0.0008	0.00116	0.0013	0.0016	0.00196	0.00238	0.00286	0.00348	0.00426	0.00462	0.0065	0.00682	0.0077	0.00822	0.00988	0.01252	0.01304	0.01702	0.01814	0.02036	0.0246	0.0287	0.03228	0.03812	0.04254	0.04946	0.05922	0.0784	0.10684	0.03228	0.00022	2e-05	0.0	0.0	0.0	0.0	0.0	0.0	0.0	0.0	0.0	0.0	0.0	0.0	0.0	0.0	0.0	0.0	0.0	
2.4e-05  2750.0  3000.0  2e-05	2e-05	6e-05	0.0	2e-05	2e-05	4e-05	0.0	0.0001	0.00014	0.0002	0.00014	0.00018	0.00036	0.0004	0.00062	0.00078	0.00082	0.00094	0.00136	0.00168	0.00184	0.00222	0.00324	0.00378	0.00418	0.00464	0.00622	0.0065	0.00778	0.00922	0.01032	0.01222	0.01266	0.0153	0.01788	0.02048	0.0246	0.02692	0.03046	0.0342	0.04094	0.04754	0.05346	0.06836	0.10174	0.05904	0.00102	6e-05	0.0	0.0	0.0	0.0	0.0	0.0	0.0	0.0	0.0	0.0	0.0	0.0	0.0	0.0	0.0	0.0	
1.8e-05  3000.0  3500.0  4e-05	0.0	2e-05	0.0	2e-05	0.0	2e-05	4e-05	0.0001	4e-05	0.0001	8e-05	0.00018	0.00022	0.00026	0.00032	0.00026	0.0006	0.00086	0.0008	0.00114	0.0012	0.00198	0.002	0.00262	0.0034	0.0037	0.0051	0.005	0.00616	0.00802	0.008	0.00984	0.01062	0.01352	0.01478	0.01756	0.01752	0.02182	0.02564	0.02976	0.03456	0.03944	0.04318	0.0487	0.05788	0.07938	0.07956	0.03536	0.00304	0.0	0.0	0.0	0.0	0.0	0.0	0.0	0.0	0.0	0.0	0.0	0.0	0.0	0.0	0.0	
5e-06  3500.0  4000.0  4e-05	0.0	2e-05	6e-05	2e-05	2e-05	0.0	0.0	2e-05	4e-05	6e-05	4e-05	6e-05	8e-05	0.00014	0.00016	0.00012	0.00026	0.00048	0.0005	0.00056	0.00082	0.00132	0.00162	0.00212	0.00264	0.00282	0.00386	0.0046	0.0054	0.00594	0.00676	0.00726	0.00874	0.01014	0.0119	0.0125	0.0139	0.01672	0.0189	0.02296	0.02666	0.029	0.03284	0.03854	0.04274	0.04862	0.05454	0.06516	0.08594	0.0405	0.00334	0.0	0.0	0.0	0.0	0.0	0.0	0.0	0.0	0.0	0.0	0.0	0.0	0.0	
2e-06  4000.0  15000.0  0.0	0.0	0.0	0.0	2e-05	0.0	0.0	4e-05	2e-05	0.0	0.0	2e-05	2e-05	2e-05	4e-05	6e-05	0.0001	0.00026	0.0002	0.00028	0.00034	0.00042	0.00056	0.00086	0.00084	0.0014	0.0017	0.0022	0.003	0.0044	0.00476	0.00612	0.00614	0.0066	0.0087	0.0091	0.0102	0.01132	0.01286	0.015	0.01658	0.01842	0.02138	0.02438	0.029	0.03122	0.0364	0.0402	0.04452	0.04978	0.06086	0.07432	0.04052	0.01986	0.00818	0.00366	0.00136	0.00032	0.0001	6e-05	2e-05	0.0	0.0	0.0	0.0	
