#===============
# Experiment : CMS
# Search : CMS_PAS_EXO_19_019
# ll~ : mumu
# qq~ : uu~
# FF  : vector
# XY  :  LL RR
# coef : 0 0
# type : S1*S1 S3*S3
# Nevs : 50000
#===============
#
# XSEC	BIN_MIN	BIN_MAX 	 Kij 
# 120.0 129.955 140.735 152.41 165.054 178.746 193.574 209.632 227.022 245.855 266.25 288.337 312.257 338.16 366.213 396.592 429.492 465.121 503.706 545.491 590.743 639.749 692.82 750.294 812.536 879.94 952.937 1031.99 1117.6 1210.31 1310.71 1419.44 1537.2 1664.72 1802.82 1952.37 2114.33 2289.73 2479.67 2685.38 2908.15 3149.4 3410.66 3693.59 4000.0 4500.0 5200.0 6000.0 7000.0 
0.44338  200.0  300.0  0.0	0.0	2e-05	0.00032	0.00058	0.00216	0.03482	0.06232	0.07174	0.07986	0.08588	0.04182	0.00078	0.0	0.0	0.0	0.0	0.0	0.0	0.0	0.0	0.0	0.0	0.0	0.0	0.0	0.0	0.0	0.0	0.0	0.0	0.0	0.0	0.0	0.0	0.0	0.0	0.0	0.0	0.0	0.0	0.0	0.0	0.0	0.0	0.0	0.0	0.0	
0.40804  300.0  400.0  0.0	0.0	0.0	0.0001	8e-05	0.00024	0.0003	0.0005	0.00082	0.00138	0.00408	0.06224	0.11868	0.12824	0.11944	0.02404	0.00052	0.0	0.0	0.0	0.0	0.0	0.0	0.0	0.0	0.0	0.0	0.0	0.0	0.0	0.0	0.0	0.0	0.0	0.0	0.0	0.0	0.0	0.0	0.0	0.0	0.0	0.0	0.0	0.0	0.0	0.0	0.0	
0.37184  400.0  500.0  0.0	0.0	0.0	0.0	4e-05	2e-05	0.00018	0.00018	0.00012	0.00052	0.00072	0.00068	0.00152	0.00314	0.02414	0.14056	0.17774	0.14032	0.01978	0.00054	4e-05	0.0	0.0	0.0	0.0	0.0	0.0	0.0	0.0	0.0	0.0	0.0	0.0	0.0	0.0	0.0	0.0	0.0	0.0	0.0	0.0	0.0	0.0	0.0	0.0	0.0	0.0	0.0	
0.33296  500.0  600.0  0.0	0.0	0.0	0.0	2e-05	6e-05	4e-05	8e-05	0.0001	0.00024	0.00048	0.00058	0.00072	0.00078	0.0011	0.0021	0.0061	0.06064	0.20696	0.20514	0.06112	0.00338	0.00026	0.0	0.0	0.0	0.0	0.0	0.0	0.0	0.0	0.0	0.0	0.0	0.0	0.0	0.0	0.0	0.0	0.0	0.0	0.0	0.0	0.0	0.0	0.0	0.0	0.0	
0.29774  600.0  700.0  0.0	0.0	0.0	2e-05	0.0	4e-05	0.0	6e-05	8e-05	0.0001	0.00014	0.00024	0.00026	0.00046	0.00058	0.00078	0.00144	0.00218	0.0057	0.04386	0.21362	0.23428	0.06704	0.00454	0.00034	0.0	0.0	0.0	0.0	0.0	0.0	0.0	0.0	0.0	0.0	0.0	0.0	0.0	0.0	0.0	0.0	0.0	0.0	0.0	0.0	0.0	0.0	0.0	
0.26364  700.0  800.0  0.0	0.0	0.0	0.0	2e-05	2e-05	0.0	0.0001	4e-05	2e-05	0.0001	0.00012	0.00014	0.0005	0.00042	0.00056	0.00084	0.00102	0.0016	0.00294	0.00908	0.06814	0.2577	0.21798	0.0396	0.00284	0.00026	4e-05	0.0	0.0	0.0	0.0	0.0	0.0	0.0	0.0	0.0	0.0	0.0	0.0	0.0	0.0	0.0	0.0	0.0	0.0	0.0	0.0	
0.23194  800.0  900.0  0.0	0.0	0.0	0.0	2e-05	2e-05	6e-05	2e-05	6e-05	6e-05	8e-05	0.0001	0.00026	0.00018	0.00028	0.00036	0.00032	0.00066	0.00094	0.00132	0.00202	0.00418	0.0228	0.15004	0.29774	0.12574	0.01436	0.0016	0.00014	0.0	0.0	0.0	0.0	0.0	0.0	0.0	0.0	0.0	0.0	0.0	0.0	0.0	0.0	0.0	0.0	0.0	0.0	0.0	
0.20206  900.0  1000.0  0.0	0.0	0.0	0.0	0.0	0.0	6e-05	0.0	4e-05	0.0001	2e-05	0.0001	0.00016	0.00016	0.00032	0.00034	0.00034	0.00042	0.00062	0.00082	0.00126	0.00174	0.0033	0.01294	0.0766	0.27992	0.22124	0.0412	0.00398	0.00054	4e-05	0.0	0.0	0.0	0.0	0.0	0.0	0.0	0.0	0.0	0.0	0.0	0.0	0.0	0.0	0.0	0.0	0.0	
0.33266  1000.0  1200.0  0.0	0.0	0.0	0.0	0.0	0.0	2e-05	0.0	2e-05	2e-05	2e-05	2e-05	6e-05	0.0001	0.00024	0.00034	0.00032	0.00016	0.00046	0.0005	0.00084	0.00122	0.00126	0.00248	0.00722	0.03084	0.14608	0.2422	0.16982	0.04974	0.0068	0.00084	0.00014	2e-05	0.0	0.0	0.0	0.0	0.0	0.0	0.0	0.0	0.0	0.0	0.0	0.0	0.0	0.0	
0.25042  1200.0  1400.0  0.0	0.0	2e-05	0.0	0.0	2e-05	0.0	2e-05	6e-05	2e-05	0.0001	2e-05	0.0001	4e-05	0.0001	0.00014	0.00012	0.00034	0.00022	0.00028	0.00036	0.0005	0.00084	0.00094	0.0012	0.00248	0.00666	0.02802	0.12962	0.2517	0.18878	0.05698	0.00902	0.00146	0.00024	6e-05	2e-05	0.0	0.0	0.0	0.0	0.0	0.0	0.0	0.0	0.0	0.0	0.0	
0.185926  1400.0  1600.0  0.0	0.0	0.0	0.0	2e-05	4e-05	2e-05	2e-05	0.0	4e-05	0.0	4e-05	0.0	0.0001	6e-05	0.0001	0.0001	0.00024	0.00024	0.0003	0.00032	0.00036	0.00072	0.0005	0.00088	0.00104	0.00182	0.00352	0.01002	0.045	0.15984	0.25092	0.161	0.04592	0.00766	0.00152	0.00018	6e-05	0.0	0.0	0.0	0.0	0.0	0.0	0.0	0.0	0.0	0.0	
0.136164  1600.0  1800.0  0.0	0.0	0.0	2e-05	2e-05	0.0	0.0	2e-05	0.0	0.0	0.0	4e-05	6e-05	2e-05	4e-05	6e-05	6e-05	6e-05	0.0002	0.0002	0.0002	0.00026	0.00034	0.00034	0.00064	0.0007	0.00078	0.0013	0.00258	0.0062	0.0224	0.0897	0.21898	0.22836	0.1059	0.0251	0.00494	0.00068	0.00022	2e-05	0.0	0.0	0.0	0.0	0.0	0.0	0.0	0.0	
0.09811  1800.0  2000.0  0.0	0.0	0.0	0.0	0.0	2e-05	0.0	0.0	0.0	0.0	0.0	0.0	4e-05	0.0	4e-05	2e-05	0.00014	6e-05	6e-05	0.0002	0.00022	0.00034	0.00042	0.00032	0.00034	0.00058	0.00066	0.00072	0.00124	0.0026	0.00474	0.0161	0.0606	0.16692	0.24178	0.15818	0.0503	0.01058	0.0024	0.00044	6e-05	4e-05	2e-05	0.0	0.0	0.0	0.0	0.0	
0.085278  2000.0  2250.0  0.0	0.0	0.0	2e-05	0.0	2e-05	0.0	0.0	0.0	2e-05	2e-05	2e-05	0.0	0.0	2e-05	2e-05	4e-05	6e-05	8e-05	0.00026	0.00024	0.00034	0.00038	0.00022	0.00038	0.00048	0.0005	0.00062	0.00084	0.00138	0.002	0.00406	0.0123	0.04206	0.12368	0.21518	0.18928	0.08876	0.02368	0.0051	0.00096	0.00026	2e-05	2e-05	0.0	0.0	0.0	0.0	
0.056238  2250.0  2500.0  0.0	0.0	0.0	0.0	0.0	2e-05	0.0	0.0	2e-05	0.0	8e-05	2e-05	4e-05	2e-05	2e-05	4e-05	0.0	4e-05	4e-05	0.0001	0.00014	0.00018	0.00022	0.00018	0.00018	0.0004	0.00048	0.00054	0.0007	0.00062	0.00116	0.00156	0.00366	0.00864	0.0295	0.08736	0.1744	0.19708	0.11982	0.04544	0.01212	0.00242	0.00066	0.00026	0.0	0.0	0.0	0.0	
0.03647  2500.0  2750.0  0.0	0.0	0.0	0.0	0.0	0.0	0.0	0.0	0.0	0.0	0.0	2e-05	4e-05	4e-05	0.0	2e-05	0.0	2e-05	4e-05	4e-05	0.0001	6e-05	0.00016	0.00018	0.00026	0.00028	0.00042	0.0004	0.0003	0.00054	0.00074	0.0007	0.0015	0.00328	0.00796	0.02482	0.0687	0.13708	0.17918	0.13092	0.0622	0.01906	0.0047	0.00132	0.00026	0.00012	2e-05	0.0	
0.023424  2750.0  3000.0  0.0	0.0	0.0	0.0	0.0	0.0	2e-05	0.0	0.0	2e-05	0.0	0.0	0.0	0.0	0.0	6e-05	0.0	8e-05	0.0001	4e-05	6e-05	0.0001	8e-05	6e-05	0.00022	0.0001	0.00026	0.00022	0.00038	0.00042	0.00058	0.00066	0.00098	0.00162	0.00314	0.0083	0.02392	0.06212	0.12046	0.15392	0.12764	0.06816	0.02378	0.00652	0.00186	0.0003	0.0	0.0	
0.024462  3000.0  3500.0  0.0	0.0	0.0	0.0	0.0	0.0	0.0	0.0	0.0	0.0	0.0	2e-05	0.0	4e-05	2e-05	2e-05	0.0	2e-05	2e-05	4e-05	8e-05	8e-05	6e-05	0.0001	0.00014	0.00016	0.00012	0.00032	0.00032	0.0003	0.00044	0.00056	0.00062	0.0009	0.00128	0.00314	0.00622	0.01846	0.0467	0.08798	0.12028	0.11768	0.08012	0.03992	0.01764	0.00342	0.00038	4e-05	
0.009731  3500.0  4000.0  0.0	0.0	0.0	0.0	0.0	0.0	0.0	0.0	0.0	0.0	0.0	0.0	2e-05	4e-05	2e-05	2e-05	0.0	2e-05	0.0	2e-05	4e-05	4e-05	4e-05	4e-05	0.0001	8e-05	0.00012	0.00014	0.00016	0.00014	0.00026	0.00028	0.00046	0.0005	0.00048	0.00096	0.00166	0.00402	0.01004	0.02342	0.04734	0.0811	0.09758	0.08756	0.07776	0.0274	0.00402	0.00046	
0.006004  4000.0  15000.0  0.0	0.0	0.0	0.0	2e-05	0.0	0.0	0.0	0.0	2e-05	0.0	0.0	2e-05	0.0	0.0	2e-05	0.0	2e-05	0.0	0.0	2e-05	4e-05	6e-05	2e-05	0.0001	6e-05	6e-05	0.00014	0.00012	0.0002	0.0001	0.00018	0.00014	0.00022	0.00028	0.00038	0.00056	0.001	0.00196	0.0048	0.01184	0.02208	0.0377	0.05436	0.08898	0.08082	0.0351	0.0114	
