#===============
# Experiment : CMS
# Search : CMS_PAS_EXO_19_019
# ll~ : mumu
# qq~ : ss~
# FF  : vector
# XY  :  LL RR
# coef : 0 0
# type : Z*S1t Z*S3
# Nevs : 50000
#===============
#
# XSEC	BIN_MIN	BIN_MAX 	 Kij 
# 120.0 129.955 140.735 152.41 165.054 178.746 193.574 209.632 227.022 245.855 266.25 288.337 312.257 338.16 366.213 396.592 429.492 465.121 503.706 545.491 590.743 639.749 692.82 750.294 812.536 879.94 952.937 1031.99 1117.6 1210.31 1310.71 1419.44 1537.2 1664.72 1802.82 1952.37 2114.33 2289.73 2479.67 2685.38 2908.15 3149.4 3410.66 3693.59 4000.0 4500.0 5200.0 6000.0 7000.0 
1.43568  200.0  300.0  0.0	0.0	0.0001	0.00078	0.00104	0.00354	0.08524	0.12392	0.10706	0.09634	0.08092	0.03198	0.0003	0.0	0.0	0.0	0.0	0.0	0.0	0.0	0.0	0.0	0.0	0.0	0.0	0.0	0.0	0.0	0.0	0.0	0.0	0.0	0.0	0.0	0.0	0.0	0.0	0.0	0.0	0.0	0.0	0.0	0.0	0.0	0.0	0.0	0.0	0.0	
0.483098  300.0  400.0  0.0	0.0	0.0	6e-05	0.0001	0.00024	0.00054	0.0007	0.00142	0.00214	0.00634	0.11172	0.18386	0.1597	0.11984	0.01998	0.00012	0.0	0.0	0.0	0.0	0.0	0.0	0.0	0.0	0.0	0.0	0.0	0.0	0.0	0.0	0.0	0.0	0.0	0.0	0.0	0.0	0.0	0.0	0.0	0.0	0.0	0.0	0.0	0.0	0.0	0.0	0.0	
0.209806  400.0  500.0  0.0	0.0	0.0	8e-05	4e-05	2e-05	0.00012	0.00038	0.00052	0.0008	0.00082	0.00108	0.00186	0.00352	0.03412	0.21884	0.21666	0.1444	0.01526	0.00014	0.0	0.0	0.0	0.0	0.0	0.0	0.0	0.0	0.0	0.0	0.0	0.0	0.0	0.0	0.0	0.0	0.0	0.0	0.0	0.0	0.0	0.0	0.0	0.0	0.0	0.0	0.0	0.0	
0.104488  500.0  600.0  0.0	0.0	0.0	6e-05	2e-05	6e-05	8e-05	0.0001	0.00026	0.0003	0.00044	0.00056	0.00096	0.001	0.0017	0.0024	0.00614	0.08048	0.28164	0.23	0.05446	0.0017	2e-05	0.0	0.0	0.0	0.0	0.0	0.0	0.0	0.0	0.0	0.0	0.0	0.0	0.0	0.0	0.0	0.0	0.0	0.0	0.0	0.0	0.0	0.0	0.0	0.0	0.0	
0.056462  600.0  700.0  0.0	0.0	0.0	4e-05	4e-05	4e-05	4e-05	0.0001	0.00016	0.00018	0.00034	0.00024	0.00028	0.00062	0.00082	0.001	0.0014	0.00232	0.00582	0.04996	0.2829	0.26548	0.0617	0.00228	6e-05	0.0	0.0	0.0	0.0	0.0	0.0	0.0	0.0	0.0	0.0	0.0	0.0	0.0	0.0	0.0	0.0	0.0	0.0	0.0	0.0	0.0	0.0	0.0	
0.0325  700.0  800.0  0.0	0.0	0.0	2e-05	6e-05	2e-05	8e-05	4e-05	4e-05	8e-05	0.00016	0.00016	0.00026	0.00044	0.00044	0.00066	0.00082	0.00122	0.00176	0.00286	0.00744	0.07408	0.31936	0.24022	0.03246	0.00152	6e-05	0.0	0.0	0.0	0.0	0.0	0.0	0.0	0.0	0.0	0.0	0.0	0.0	0.0	0.0	0.0	0.0	0.0	0.0	0.0	0.0	0.0	
0.019505  800.0  900.0  0.0	0.0	0.0	0.0	2e-05	4e-05	2e-05	2e-05	0.0	6e-05	0.00016	0.00018	0.00016	0.00026	0.00038	0.00048	0.00064	0.00072	0.00104	0.00148	0.00194	0.00412	0.01944	0.17374	0.3497	0.12774	0.00934	0.00078	4e-05	0.0	0.0	0.0	0.0	0.0	0.0	0.0	0.0	0.0	0.0	0.0	0.0	0.0	0.0	0.0	0.0	0.0	0.0	0.0	
0.012084  900.0  1000.0  0.0	0.0	2e-05	0.0	6e-05	4e-05	2e-05	2e-05	4e-05	0.0	0.0001	2e-05	0.00014	0.00014	0.00028	0.00026	0.00048	0.00058	0.00078	0.0008	0.00136	0.00192	0.0033	0.01032	0.07702	0.32948	0.23928	0.03174	0.0024	0.00016	6e-05	0.0	0.0	0.0	0.0	0.0	0.0	0.0	0.0	0.0	0.0	0.0	0.0	0.0	0.0	0.0	0.0	0.0	
0.012866  1000.0  1200.0  0.0	0.0	0.0	2e-05	0.0	2e-05	0.0	0.0	2e-05	0.0	8e-05	6e-05	0.00012	8e-05	0.00016	0.0002	0.0003	0.00028	0.00044	0.00062	0.0007	0.0008	0.00168	0.00228	0.00562	0.03156	0.17384	0.27336	0.17024	0.0381	0.00398	0.00042	2e-05	2e-05	0.0	0.0	0.0	0.0	0.0	0.0	0.0	0.0	0.0	0.0	0.0	0.0	0.0	0.0	
0.005687  1200.0  1400.0  0.0	0.0	0.0	2e-05	0.0	0.0	0.0	0.0	2e-05	0.0	6e-05	2e-05	6e-05	2e-05	6e-05	0.00014	0.0002	0.00018	0.00032	0.00032	0.00056	0.00052	0.001	0.001	0.00172	0.0025	0.00552	0.0268	0.14386	0.28256	0.19022	0.04964	0.0059	0.00078	0.0001	4e-05	2e-05	0.0	0.0	0.0	0.0	0.0	0.0	0.0	0.0	0.0	0.0	0.0	
0.002663  1400.0  1600.0  0.0	0.0	0.0	4e-05	2e-05	0.0	2e-05	0.0	0.0	2e-05	4e-05	0.0	2e-05	6e-05	0.0001	0.0001	0.00014	0.00022	0.00014	0.00018	0.00032	0.00046	0.00042	0.00062	0.00086	0.00114	0.00168	0.00312	0.00892	0.04334	0.178	0.28242	0.15734	0.03636	0.005	0.00074	0.00016	0.0	0.0	0.0	0.0	0.0	0.0	0.0	0.0	0.0	0.0	0.0	
0.001313  1600.0  1800.0  0.0	0.0	0.0	0.0	0.0	0.0	2e-05	0.0	0.0	0.0	2e-05	2e-05	6e-05	4e-05	2e-05	4e-05	6e-05	8e-05	0.0002	0.0003	0.0002	0.00032	0.00026	0.00036	0.00058	0.0008	0.00098	0.00126	0.00268	0.00544	0.01998	0.09108	0.2381	0.2386	0.09798	0.0195	0.00272	0.00044	0.00014	2e-05	0.0	0.0	0.0	0.0	0.0	0.0	0.0	0.0	
0.000667  1800.0  2000.0  0.0	0.0	0.0	0.0	0.0	0.0	0.0	0.0	0.0	4e-05	2e-05	0.0	0.0	2e-05	8e-05	2e-05	4e-05	6e-05	0.00012	0.00016	0.00022	0.00028	0.00026	0.00034	0.00034	0.00062	0.00056	0.00086	0.0015	0.00204	0.00428	0.01396	0.05788	0.18054	0.25408	0.1551	0.04494	0.009	0.00144	0.00026	4e-05	2e-05	0.0	0.0	0.0	0.0	0.0	0.0	
0.000409  2000.0  2250.0  0.0	0.0	0.0	0.0	0.0	0.0	0.0	2e-05	0.0	0.0	0.0	2e-05	4e-05	2e-05	2e-05	6e-05	2e-05	6e-05	6e-05	0.00018	0.00018	0.00022	0.00018	0.00032	0.00034	0.00056	0.00056	0.00078	0.0009	0.0012	0.00206	0.00378	0.01144	0.04068	0.12954	0.22592	0.19128	0.08276	0.02106	0.00468	0.00082	0.00032	6e-05	0.0	0.0	0.0	0.0	0.0	
0.00019  2250.0  2500.0  0.0	0.0	0.0	0.0	0.0	0.0	2e-05	0.0	0.0	0.0	4e-05	0.0	4e-05	2e-05	2e-05	4e-05	4e-05	8e-05	4e-05	0.0001	6e-05	0.00028	0.00014	0.00028	0.00024	0.00032	0.00036	0.00036	0.00052	0.00076	0.00116	0.0015	0.0033	0.00894	0.0289	0.08614	0.17992	0.19976	0.1214	0.04276	0.00962	0.00218	0.00042	0.00012	2e-05	0.0	0.0	0.0	
9.1e-05  2500.0  2750.0  0.0	0.0	0.0	0.0	4e-05	0.0	2e-05	0.0	0.0	2e-05	0.0	2e-05	2e-05	2e-05	0.0	0.0	6e-05	2e-05	2e-05	0.0001	6e-05	4e-05	0.00012	0.0002	0.00024	0.00026	0.00028	0.00016	0.0004	0.0004	0.00058	0.00096	0.00182	0.00312	0.00758	0.02432	0.06984	0.1436	0.18288	0.13156	0.05772	0.01724	0.00442	0.00078	0.00026	6e-05	0.0	0.0	
4.5e-05  2750.0  3000.0  0.0	0.0	0.0	0.0	0.0	0.0	0.0	2e-05	2e-05	0.0	0.0	0.0	2e-05	4e-05	4e-05	2e-05	0.0	2e-05	2e-05	0.00012	6e-05	0.00012	0.00022	6e-05	0.0003	0.0001	0.00018	0.00032	0.00028	0.00032	0.00056	0.00082	0.00078	0.00188	0.0035	0.00782	0.02338	0.06062	0.1223	0.15686	0.12684	0.06502	0.02232	0.0069	0.0021	0.0002	2e-05	0.0	
3.4e-05  3000.0  3500.0  0.0	0.0	0.0	0.0	0.0	0.0	0.0	0.0	0.0	2e-05	0.0	0.0	0.0	2e-05	0.0	6e-05	0.0001	2e-05	4e-05	6e-05	6e-05	6e-05	0.0001	0.0001	6e-05	0.0001	0.00018	0.00014	0.00024	0.00038	0.00048	0.00052	0.00052	0.00086	0.00158	0.0034	0.00808	0.01912	0.0483	0.0897	0.12642	0.11498	0.0758	0.03724	0.01704	0.00354	0.00052	2e-05	
9e-06  3500.0  4000.0  0.0	0.0	0.0	0.0	0.0	0.0	0.0	0.0	2e-05	0.0	0.0	0.0	2e-05	0.0	0.0	0.0	2e-05	2e-05	0.0001	6e-05	6e-05	6e-05	8e-05	6e-05	6e-05	6e-05	0.00016	0.0002	0.0002	0.00016	0.00024	0.0004	0.00032	0.00052	0.00082	0.00126	0.00222	0.00472	0.01056	0.02492	0.05036	0.07904	0.09724	0.0839	0.0753	0.02848	0.00452	0.0008	
4e-06  4000.0  15000.0  0.0	0.0	0.0	0.0	0.0	0.0	2e-05	0.0	0.0	0.0	4e-05	0.0	0.0	0.0	0.0	2e-05	4e-05	0.0	0.0	2e-05	4e-05	0.0	2e-05	4e-05	2e-05	6e-05	6e-05	6e-05	0.0001	0.00012	0.00016	0.00024	0.00018	0.00028	0.0003	0.00058	0.00098	0.00166	0.00274	0.00712	0.01438	0.02466	0.04136	0.05818	0.09336	0.07834	0.03398	0.01054	
