#===============
# Experiment : CMS
# Search : CMS_PAS_EXO_19_019
# ll~ : mumu
# qq~ : sd~
# FF  : vector
# XY  :  LL RR
# coef : 0 0
# type : U3*U3 U1*U1
# Nevs : 50000
#===============
#
# XSEC	BIN_MIN	BIN_MAX 	 Kij 
# 120.0 129.955 140.735 152.41 165.054 178.746 193.574 209.632 227.022 245.855 266.25 288.337 312.257 338.16 366.213 396.592 429.492 465.121 503.706 545.491 590.743 639.749 692.82 750.294 812.536 879.94 952.937 1031.99 1117.6 1210.31 1310.71 1419.44 1537.2 1664.72 1802.82 1952.37 2114.33 2289.73 2479.67 2685.38 2908.15 3149.4 3410.66 3693.59 4000.0 4500.0 5200.0 6000.0 7000.0 
39.36  200.0  300.0  0.0	0.0	6e-05	0.00046	0.001	0.00308	0.05434	0.09524	0.1006	0.10946	0.11054	0.05292	0.00058	0.0	0.0	0.0	0.0	0.0	0.0	0.0	0.0	0.0	0.0	0.0	0.0	0.0	0.0	0.0	0.0	0.0	0.0	0.0	0.0	0.0	0.0	0.0	0.0	0.0	0.0	0.0	0.0	0.0	0.0	0.0	0.0	0.0	0.0	0.0	
29.986  300.0  400.0  0.0	0.0	2e-05	0.00018	0.00014	0.00026	0.00026	0.00062	0.001	0.00186	0.0051	0.08802	0.15856	0.16644	0.14818	0.02672	0.0002	0.0	0.0	0.0	0.0	0.0	0.0	0.0	0.0	0.0	0.0	0.0	0.0	0.0	0.0	0.0	0.0	0.0	0.0	0.0	0.0	0.0	0.0	0.0	0.0	0.0	0.0	0.0	0.0	0.0	0.0	0.0	
22.844  400.0  500.0  0.0	0.0	2e-05	0.00012	6e-05	4e-05	0.0001	0.0003	0.0003	0.00064	0.00092	0.00118	0.00172	0.00296	0.0282	0.19014	0.2218	0.16968	0.01852	0.00024	0.0	0.0	0.0	0.0	0.0	0.0	0.0	0.0	0.0	0.0	0.0	0.0	0.0	0.0	0.0	0.0	0.0	0.0	0.0	0.0	0.0	0.0	0.0	0.0	0.0	0.0	0.0	0.0	
17.4524  500.0  600.0  0.0	0.0	0.0	4e-05	2e-05	8e-05	2e-05	0.00012	0.00012	0.00036	0.00052	0.00044	0.0007	0.0008	0.0015	0.00234	0.00628	0.07156	0.257	0.24448	0.06488	0.00166	8e-05	0.0	0.0	0.0	0.0	0.0	0.0	0.0	0.0	0.0	0.0	0.0	0.0	0.0	0.0	0.0	0.0	0.0	0.0	0.0	0.0	0.0	0.0	0.0	0.0	0.0	
13.362  600.0  700.0  0.0	0.0	0.0	0.0	6e-05	2e-05	0.0	0.0001	0.0001	0.0001	0.0003	0.00024	0.00032	0.00066	0.00086	0.00116	0.0014	0.00254	0.00492	0.04494	0.25752	0.2814	0.06638	0.00238	0.00014	0.0	0.0	0.0	0.0	0.0	0.0	0.0	0.0	0.0	0.0	0.0	0.0	0.0	0.0	0.0	0.0	0.0	0.0	0.0	0.0	0.0	0.0	0.0	
10.2556  700.0  800.0  0.0	0.0	0.0	0.0	6e-05	6e-05	4e-05	8e-05	6e-05	0.00012	0.00012	0.00028	0.0002	0.0004	0.00044	0.00074	0.0008	0.00114	0.00194	0.00228	0.00666	0.0662	0.3083	0.24654	0.03458	0.0016	6e-05	2e-05	0.0	0.0	0.0	0.0	0.0	0.0	0.0	0.0	0.0	0.0	0.0	0.0	0.0	0.0	0.0	0.0	0.0	0.0	0.0	0.0	
7.8934  800.0  900.0  0.0	0.0	2e-05	2e-05	0.0	6e-05	2e-05	2e-05	4e-05	6e-05	0.0001	0.0001	0.00028	0.00026	0.0004	0.00048	0.0006	0.00054	0.00094	0.00166	0.00208	0.00394	0.01576	0.1613	0.34712	0.13566	0.00926	0.00054	4e-05	0.0	0.0	0.0	0.0	0.0	0.0	0.0	0.0	0.0	0.0	0.0	0.0	0.0	0.0	0.0	0.0	0.0	0.0	0.0	
6.0838  900.0  1000.0  0.0	0.0	0.0	0.0	0.0	0.0	0.0	4e-05	6e-05	2e-05	0.00014	4e-05	0.0002	0.00026	0.00018	0.00022	0.00044	0.0005	0.00056	0.0007	0.00108	0.0017	0.00296	0.00842	0.07214	0.31736	0.23786	0.03124	0.00166	0.00012	2e-05	0.0	0.0	0.0	0.0	0.0	0.0	0.0	0.0	0.0	0.0	0.0	0.0	0.0	0.0	0.0	0.0	0.0	
8.3452  1000.0  1200.0  0.0	0.0	0.0	2e-05	0.0	0.0	0.0	6e-05	2e-05	0.0	2e-05	0.0	2e-05	6e-05	0.0002	0.00026	0.00028	0.00026	0.0006	0.00058	0.00072	0.00064	0.00148	0.00232	0.00448	0.02774	0.15736	0.2637	0.17332	0.04124	0.00352	0.0003	2e-05	0.0	0.0	0.0	0.0	0.0	0.0	0.0	0.0	0.0	0.0	0.0	0.0	0.0	0.0	0.0	
5.0312  1200.0  1400.0  0.0	0.0	0.0	0.0	2e-05	2e-05	4e-05	2e-05	6e-05	4e-05	4e-05	6e-05	6e-05	4e-05	6e-05	0.0002	0.00036	0.00024	0.00032	0.0003	0.00038	0.00042	0.00078	0.00098	0.00154	0.00234	0.00486	0.02324	0.12898	0.2686	0.18696	0.04822	0.0054	0.00064	8e-05	2e-05	0.0	0.0	0.0	0.0	0.0	0.0	0.0	0.0	0.0	0.0	0.0	0.0	
3.0552  1400.0  1600.0  0.0	0.0	0.0	0.0	0.0	2e-05	0.0	0.0	0.0	0.0	6e-05	2e-05	2e-05	4e-05	0.00014	4e-05	8e-05	0.00014	0.0002	0.00032	0.0003	0.0004	0.00064	0.00066	0.00088	0.0008	0.0014	0.00236	0.00716	0.03744	0.16102	0.26084	0.15308	0.035	0.00424	0.00044	4e-05	0.0	2e-05	0.0	0.0	0.0	0.0	0.0	0.0	0.0	0.0	0.0	
1.8719  1600.0  1800.0  0.0	0.0	0.0	0.0	0.0	0.0	0.0	2e-05	4e-05	0.0	2e-05	2e-05	4e-05	4e-05	2e-05	8e-05	6e-05	0.00016	0.00016	0.00016	0.00012	0.00024	0.00056	0.00068	0.00044	0.00068	0.00084	0.00112	0.00176	0.0037	0.01562	0.07862	0.21892	0.2288	0.0923	0.01728	0.0022	0.00034	0.0	0.0	0.0	0.0	0.0	0.0	0.0	0.0	0.0	0.0	
1.15376  1800.0  2000.0  0.0	0.0	0.0	0.0	0.0	0.0	0.0	2e-05	0.0	0.0	4e-05	2e-05	0.0	4e-05	6e-05	8e-05	4e-05	8e-05	0.00012	0.00016	0.00028	0.0002	0.00022	0.00034	0.00044	0.00058	0.00062	0.0008	0.00106	0.00188	0.0031	0.01194	0.04822	0.15788	0.23948	0.14724	0.039	0.00686	0.00122	0.00016	2e-05	0.0	0.0	0.0	0.0	0.0	0.0	0.0	
0.8477  2000.0  2250.0  0.0	0.0	0.0	4e-05	0.0	0.0	0.0	0.0	0.0	0.0	2e-05	4e-05	0.0	2e-05	2e-05	2e-05	2e-05	8e-05	0.0001	0.00014	0.0002	0.00016	0.00026	0.00028	0.0003	0.0003	0.00058	0.00074	0.00076	0.00112	0.00198	0.00374	0.00864	0.0357	0.11492	0.20264	0.17668	0.07472	0.01798	0.00314	0.00058	6e-05	0.0	2e-05	0.0	0.0	0.0	0.0	
0.47076  2250.0  2500.0  0.0	0.0	0.0	0.0	0.0	0.0	0.0	0.0	0.0	0.0	0.0	2e-05	2e-05	0.0	2e-05	6e-05	2e-05	4e-05	4e-05	4e-05	0.00012	0.00012	0.00016	0.00014	0.00028	0.00036	0.00036	0.00044	0.0006	0.00086	0.00112	0.00156	0.00286	0.00604	0.02412	0.0774	0.1623	0.18712	0.11066	0.03804	0.00812	0.0018	0.00028	6e-05	0.0	0.0	0.0	0.0	
0.26418  2500.0  2750.0  0.0	0.0	0.0	0.0	0.0	0.0	0.0	0.0	0.0	0.0	2e-05	0.0	2e-05	0.0	0.0	6e-05	0.00014	6e-05	0.0	0.0001	2e-05	0.00016	4e-05	8e-05	0.0003	0.00018	0.00028	0.00038	0.00038	0.00044	0.00082	0.00086	0.00146	0.0027	0.00644	0.02086	0.06112	0.1352	0.17276	0.12512	0.05176	0.01488	0.00348	0.00076	0.00038	4e-05	0.0	0.0	
0.149672  2750.0  3000.0  0.0	0.0	0.0	0.0	0.0	0.0	0.0	0.0	0.0	0.0	2e-05	0.0	2e-05	0.0	0.0	0.0	2e-05	0.0	2e-05	6e-05	4e-05	0.00014	0.00012	0.00018	0.00018	0.00016	0.0003	0.0004	0.0003	0.00052	0.0005	0.00062	0.00086	0.0014	0.00294	0.0076	0.02026	0.0542	0.11746	0.152	0.12184	0.06028	0.02088	0.00582	0.00168	0.00022	4e-05	0.0	
0.135166  3000.0  3500.0  0.0	0.0	0.0	0.0	2e-05	0.0	0.0	0.0	0.0	0.0	2e-05	2e-05	0.0	2e-05	2e-05	0.0	2e-05	2e-05	2e-05	0.0	0.0	2e-05	0.00012	0.00016	6e-05	0.00014	6e-05	0.00016	0.00024	0.00038	0.00032	0.00036	0.0007	0.00082	0.00154	0.0027	0.0074	0.01818	0.04332	0.08456	0.12158	0.12076	0.07828	0.03652	0.01602	0.00298	0.00016	0.0	
0.045358  3500.0  4000.0  0.0	0.0	0.0	0.0	0.0	0.0	0.0	2e-05	0.0	0.0	0.0	0.0	0.0	0.0	0.0	0.0	0.0	0.0	2e-05	0.0	4e-05	0.0001	4e-05	8e-05	0.00012	4e-05	0.0001	0.00018	0.00016	0.00012	0.0003	0.00028	0.00036	0.00044	0.0006	0.00096	0.00178	0.00444	0.00996	0.02386	0.04938	0.08202	0.10112	0.09082	0.07862	0.02776	0.00396	0.00046	
0.022636  4000.0  15000.0  0.0	0.0	0.0	2e-05	0.0	0.0	0.0	0.0	0.0	0.0	0.0	0.0	2e-05	2e-05	0.0	2e-05	0.0	0.0	0.0001	0.0	0.0	6e-05	0.0	2e-05	0.00012	4e-05	0.00014	0.00016	8e-05	0.00024	0.00012	0.00016	0.00032	0.0003	0.00016	0.00062	0.00068	0.00162	0.0024	0.00588	0.01338	0.02568	0.04386	0.0614	0.10176	0.09238	0.04138	0.01458	
