#===============
# Experiment : ATLAS
# Search : 2002_12223
# ll~ : tata
# qq~ : bb~
# FF  : vector
# XY  : LR RL
# coef : 0 0
# type : R2*R2 R2~*R2~
# Nevs : 50000
#===============
#
# XSEC	BIN_MIN	BIN_MAX 	 Kij 
# 150 200 250 300 350 400 450 500 600 700 800 900 1000 1150 15000 
1.07372  150.0  200.0  0.0	0.0	6e-05	0.0	0.0	0.0	0.0	0.0	0.0	0.0	0.0	0.0	0.0	0.0	
0.89192  200.0  250.0  0.0	0.00078	0.0006	4e-05	2e-05	2e-05	0.0	0.0	0.0	0.0	0.0	0.0	0.0	0.0	
0.73016  250.0  300.0  8e-05	0.00192	0.00588	0.00078	2e-05	0.0	0.0	0.0	0.0	0.0	0.0	0.0	0.0	0.0	
0.59462  300.0  350.0  0.0	0.00174	0.01372	0.01026	0.00076	8e-05	0.0	0.0	2e-05	0.0	0.0	0.0	0.0	0.0	
0.48176  350.0  400.0  4e-05	0.00202	0.01282	0.01792	0.00838	0.00124	0.00012	0.0	0.0	0.0	0.0	0.0	0.0	0.0	
0.39276  400.0  450.0  2e-05	0.00158	0.01164	0.01788	0.01684	0.00724	0.00084	4e-05	2e-05	0.0	0.0	0.0	0.0	0.0	
0.31808  450.0  500.0  0.0	0.00112	0.01076	0.01578	0.01758	0.01418	0.00712	0.00106	4e-05	0.0	4e-05	0.0	0.0	0.0	
0.46514  500.0  600.0  2e-05	0.0012	0.00798	0.01278	0.0163	0.01616	0.01444	0.01176	0.00066	2e-05	0.0	0.0	2e-05	0.0	
0.30678  600.0  700.0  0.0	0.00052	0.00578	0.00894	0.01312	0.01478	0.0148	0.02678	0.01056	0.00042	4e-05	0.0	0.0	0.0	
0.20166  700.0  800.0  0.0	0.00044	0.00398	0.00794	0.01052	0.01156	0.0129	0.02694	0.02354	0.00924	0.00046	8e-05	0.0	0.0	
0.132718  800.0  900.0  0.0	0.00026	0.00258	0.0058	0.00702	0.00848	0.01106	0.02376	0.02512	0.0203	0.00822	0.00052	4e-05	2e-05	
0.087946  900.0  1000.0  0.0	0.00018	0.00216	0.00388	0.00546	0.0072	0.00832	0.019	0.02272	0.02198	0.01818	0.00736	0.0006	6e-05	
0.080046  1000.0  1150.0  0.0	6e-05	0.00144	0.00312	0.00476	0.00566	0.00684	0.01582	0.01824	0.02032	0.02108	0.0171	0.01008	0.00056	
0.102452  1150.0  15000.0  0.0	6e-05	0.00072	0.00162	0.00218	0.003	0.00356	0.00944	0.01168	0.01368	0.0152	0.01582	0.0218	0.03304	
