#===============
# Experiment : CMS
# Search : CMS_PAS_EXO_19_019
# ll~ : mumu
# qq~ : uu~
# FF  : vector
# XY  :  LL LR RL RR
# coef : 0 0
# type : A*U3
# Nevs : 50000
#===============
#
# XSEC	BIN_MIN	BIN_MAX 	 Kij 
# 120.0 129.955 140.735 152.41 165.054 178.746 193.574 209.632 227.022 245.855 266.25 288.337 312.257 338.16 366.213 396.592 429.492 465.121 503.706 545.491 590.743 639.749 692.82 750.294 812.536 879.94 952.937 1031.99 1117.6 1210.31 1310.71 1419.44 1537.2 1664.72 1802.82 1952.37 2114.33 2289.73 2479.67 2685.38 2908.15 3149.4 3410.66 3693.59 4000.0 4500.0 5200.0 6000.0 7000.0 
8.310492  200.0  300.0  0.0	0.0	6e-05	0.00052	0.001	0.00232	0.04908	0.07734	0.07404	0.06976	0.06622	0.03032	0.0006	0.0	0.0	0.0	0.0	0.0	0.0	0.0	0.0	0.0	0.0	0.0	0.0	0.0	0.0	0.0	0.0	0.0	0.0	0.0	0.0	0.0	0.0	0.0	0.0	0.0	0.0	0.0	0.0	0.0	0.0	0.0	0.0	0.0	0.0	0.0	
3.875766  300.0  400.0  0.0	0.0	2e-05	6e-05	8e-05	0.00012	0.00028	0.00048	0.00098	0.00148	0.00482	0.07732	0.12968	0.12076	0.096	0.0188	0.0004	2e-05	0.0	0.0	0.0	0.0	0.0	0.0	0.0	0.0	0.0	0.0	0.0	0.0	0.0	0.0	0.0	0.0	0.0	0.0	0.0	0.0	0.0	0.0	0.0	0.0	0.0	0.0	0.0	0.0	0.0	0.0	
2.13188  400.0  500.0  0.0	0.0	2e-05	2e-05	2e-05	6e-05	0.0001	0.00016	0.00018	0.00046	0.00066	0.00108	0.00166	0.0029	0.02648	0.1606	0.17376	0.12274	0.01558	0.00046	2e-05	0.0	0.0	0.0	0.0	0.0	0.0	0.0	0.0	0.0	0.0	0.0	0.0	0.0	0.0	0.0	0.0	0.0	0.0	0.0	0.0	0.0	0.0	0.0	0.0	0.0	0.0	0.0	
1.294768  500.0  600.0  0.0	0.0	2e-05	4e-05	6e-05	8e-05	2e-05	8e-05	0.00012	0.00014	0.00036	0.0004	0.00066	0.00098	0.0012	0.00226	0.00622	0.07032	0.22046	0.18992	0.05096	0.0026	0.0002	2e-05	0.0	0.0	0.0	0.0	0.0	0.0	0.0	0.0	0.0	0.0	0.0	0.0	0.0	0.0	0.0	0.0	0.0	0.0	0.0	0.0	0.0	0.0	0.0	0.0	
0.839077  600.0  700.0  0.0	0.0	0.0	4e-05	6e-05	0.0	2e-05	4e-05	0.0001	0.00018	0.00024	0.00022	0.00046	0.00046	0.0005	0.00104	0.00154	0.0023	0.0059	0.04666	0.22612	0.2265	0.06066	0.00422	0.00026	2e-05	0.0	0.0	0.0	0.0	0.0	0.0	0.0	0.0	0.0	0.0	0.0	0.0	0.0	0.0	0.0	0.0	0.0	0.0	0.0	0.0	0.0	0.0	
0.569271  700.0  800.0  0.0	0.0	0.0	4e-05	0.0	6e-05	0.0	2e-05	6e-05	2e-05	8e-05	0.0001	0.00032	0.00038	0.0003	0.00054	0.00056	0.00098	0.00178	0.00304	0.00912	0.07024	0.26112	0.2114	0.03818	0.00292	0.0002	2e-05	0.0	0.0	0.0	0.0	0.0	0.0	0.0	0.0	0.0	0.0	0.0	0.0	0.0	0.0	0.0	0.0	0.0	0.0	0.0	0.0	
0.400139  800.0  900.0  0.0	0.0	0.0	0.0	2e-05	2e-05	2e-05	4e-05	2e-05	4e-05	8e-05	4e-05	0.00024	0.00018	0.00028	0.0004	0.00046	0.00088	0.0006	0.00148	0.00226	0.00476	0.02314	0.15272	0.29622	0.12196	0.01356	0.00114	0.00018	0.0	0.0	0.0	0.0	0.0	0.0	0.0	0.0	0.0	0.0	0.0	0.0	0.0	0.0	0.0	0.0	0.0	0.0	0.0	
0.28821  900.0  1000.0  0.0	0.0	0.0	0.0	0.0	0.0	4e-05	2e-05	0.0	6e-05	0.00016	8e-05	0.0001	0.0002	0.0001	0.00032	0.0005	0.00048	0.00058	0.00084	0.00106	0.00176	0.00412	0.0139	0.07742	0.27962	0.2124	0.03912	0.00424	0.00042	4e-05	2e-05	0.0	0.0	0.0	0.0	0.0	0.0	0.0	0.0	0.0	0.0	0.0	0.0	0.0	0.0	0.0	0.0	
0.371164  1000.0  1200.0  0.0	0.0	0.0	2e-05	2e-05	0.0	6e-05	4e-05	4e-05	2e-05	2e-05	6e-05	0.00012	0.00016	0.00016	0.00024	0.00038	0.00048	0.00038	0.00052	0.00078	0.00106	0.00104	0.0024	0.00696	0.0325	0.15248	0.24024	0.16318	0.04466	0.00628	0.00066	8e-05	0.0	0.0	0.0	0.0	0.0	0.0	0.0	0.0	0.0	0.0	0.0	0.0	0.0	0.0	0.0	
0.213317  1200.0  1400.0  0.0	0.0	0.0	0.0	0.0	0.0	2e-05	2e-05	0.0	6e-05	2e-05	0.0	6e-05	0.00014	0.0001	0.00012	0.00028	0.0002	0.00036	0.0004	0.0004	0.0007	0.00076	0.0009	0.00132	0.00262	0.00752	0.02928	0.13368	0.24824	0.18528	0.05452	0.0087	0.00136	0.0002	0.00012	2e-05	0.0	0.0	0.0	0.0	0.0	0.0	0.0	0.0	0.0	0.0	0.0	
0.128002  1400.0  1600.0  0.0	0.0	0.0	0.0	0.0	0.0	0.0	4e-05	2e-05	0.0	2e-05	2e-05	4e-05	4e-05	8e-05	6e-05	0.00016	0.00032	0.00026	0.00024	0.00042	0.00034	0.00028	0.00052	0.00076	0.00136	0.00154	0.0039	0.0099	0.045	0.1622	0.25204	0.15374	0.04354	0.00712	0.00102	0.00016	0.0	0.0	0.0	0.0	0.0	0.0	0.0	0.0	0.0	0.0	0.0	
0.079201  1600.0  1800.0  0.0	0.0	0.0	2e-05	0.0	0.0	2e-05	0.0	2e-05	2e-05	2e-05	0.0	4e-05	0.0	2e-05	2e-05	0.00012	0.0001	0.00012	0.00016	0.0003	0.0003	0.00034	0.00066	0.00046	0.0008	0.00094	0.00158	0.00248	0.00648	0.02224	0.08672	0.21668	0.22546	0.10112	0.02404	0.00356	0.0008	0.00016	2e-05	0.0	0.0	0.0	0.0	0.0	0.0	0.0	0.0	
0.050329  1800.0  2000.0  0.0	0.0	0.0	0.0	4e-05	2e-05	0.0	0.0	2e-05	2e-05	4e-05	0.0	4e-05	0.0	4e-05	4e-05	4e-05	8e-05	0.00018	0.0001	0.0001	0.00018	0.00048	0.00026	0.0004	0.00034	0.00076	0.00096	0.00152	0.00208	0.00518	0.01604	0.05716	0.16572	0.23914	0.15062	0.05038	0.00994	0.00198	0.00046	6e-05	2e-05	0.0	0.0	0.0	0.0	0.0	0.0	
0.038763  2000.0  2250.0  0.0	0.0	0.0	0.0	0.0	0.0	0.0	0.0	0.0	0.0	2e-05	8e-05	2e-05	0.0	6e-05	6e-05	4e-05	8e-05	6e-05	0.00018	0.00014	0.00022	0.00032	0.00024	0.00044	0.00016	0.00058	0.00064	0.00056	0.00106	0.00198	0.00408	0.01196	0.0426	0.12358	0.21616	0.18508	0.08434	0.02394	0.00452	0.00096	0.00026	4e-05	0.0	0.0	0.0	0.0	0.0	
0.022957  2250.0  2500.0  0.0	0.0	0.0	0.0	0.0	0.0	0.0	0.0	0.0	0.0	2e-05	0.0	6e-05	2e-05	0.0	0.0	6e-05	8e-05	4e-05	8e-05	0.0001	0.00014	0.00012	0.00026	0.00028	0.00032	0.00038	0.0005	0.00066	0.00106	0.00142	0.00172	0.0037	0.0098	0.02972	0.08676	0.16972	0.19608	0.11808	0.04224	0.01138	0.00276	0.00056	0.0001	8e-05	4e-05	0.0	0.0	
0.013821  2500.0  2750.0  0.0	0.0	0.0	0.0	0.0	0.0	2e-05	2e-05	0.0	0.0	0.0	0.0	2e-05	0.0	2e-05	2e-05	6e-05	6e-05	0.0	4e-05	2e-05	0.00018	8e-05	0.00016	0.00018	0.0002	0.00024	0.00028	0.00056	0.00044	0.00074	0.00104	0.00142	0.00308	0.00798	0.02516	0.06966	0.13822	0.17972	0.1315	0.06064	0.01944	0.00438	0.00096	0.00024	2e-05	0.0	0.0	
0.008413  2750.0  3000.0  0.0	0.0	0.0	0.0	0.0	0.0	0.0	0.0	0.0	0.0	0.0	2e-05	0.0	0.0	2e-05	2e-05	0.0	2e-05	8e-05	8e-05	4e-05	6e-05	6e-05	0.00014	0.00016	0.00012	0.0003	0.00034	0.00036	0.00042	0.00036	0.00076	0.00112	0.00124	0.00362	0.00836	0.02342	0.0613	0.1227	0.15688	0.12768	0.06654	0.0242	0.00736	0.0021	0.00016	2e-05	0.0	
0.008376  3000.0  3500.0  0.0	0.0	0.0	0.0	0.0	0.0	0.0	0.0	0.0	0.0	0.0	0.0	0.0	0.0	0.0	2e-05	2e-05	2e-05	0.00012	8e-05	0.00012	6e-05	0.0	6e-05	0.0002	0.00014	4e-05	0.0002	0.00012	0.0003	0.0004	0.00044	0.0006	0.00078	0.00154	0.00292	0.0073	0.0191	0.04606	0.09236	0.12844	0.12204	0.07996	0.03984	0.01836	0.0036	0.0003	8e-05	
0.003218  3500.0  4000.0  0.0	0.0	2e-05	0.0	0.0	0.0	0.0	0.0	0.0	0.0	0.0	2e-05	2e-05	0.0	2e-05	2e-05	2e-05	2e-05	4e-05	4e-05	8e-05	2e-05	6e-05	6e-05	0.00014	0.00018	0.00014	0.00012	0.0002	0.00024	0.00024	0.00022	0.00022	0.00058	0.00074	0.00082	0.00198	0.00466	0.01096	0.02574	0.05124	0.0856	0.10132	0.09488	0.07896	0.02892	0.00428	0.00058	
0.002024  4000.0  15000.0  0.0	0.0	0.0	0.0	0.0	0.0	0.0	0.0	0.0	0.0	0.0	2e-05	0.0	2e-05	0.0	0.0	2e-05	0.0	4e-05	0.0	0.0	4e-05	4e-05	6e-05	0.0001	4e-05	0.0001	0.00012	0.00024	2e-05	0.00012	0.0002	0.0002	0.00022	0.00038	0.00046	0.00058	0.00132	0.00282	0.00518	0.01248	0.02452	0.04508	0.0592	0.09972	0.08962	0.04122	0.01332	
